So not to get aggressive but WHEN IS @Apple GOING TO HAVE ANIMOJIS ON EVERY IPHONE.,RT @CurlyHeadJackyy: Bitch Apple owe all of us a new phone period. RUN US OUR SHIT @apple,RT @CurlyHeadJackyy: Bitch Apple owe all of us a new phone period. RUN US OUR SHIT @apple,RT @CurlyHeadJackyy: Bitch Apple owe all of us a new phone period. RUN US OUR SHIT @apple,RT @Jakegamwell: Is @apple going to fix the I️ thing or??,"Anyone else’s autocorrect been ruining their life since the update/new iPhones came out??
@Apple you’re really testing me",@Apple where’s your suggestion box?,Tried to update my iPhone tonight but now i might have to do a factory reset. It IS up for upgrade funnily enough.… https://t.co/NmfYDzPHTJ,And @Apple when are y’all going to fix this —&gt;&gt;&gt; I️,Is @apple going to fix the I️ thing or??,When is @Apple gonna fix this “I️” thing??? WTF???,RT @CurlyHeadJackyy: Bitch Apple owe all of us a new phone period. RUN US OUR SHIT @apple,Dear @Apple please please please update the  iTunes Connect. It is terrible.,RT @CurlyHeadJackyy: Bitch Apple owe all of us a new phone period. RUN US OUR SHIT @apple,RT @CurlyHeadJackyy: Bitch Apple owe all of us a new phone period. RUN US OUR SHIT @apple,RT @CurlyHeadJackyy: Bitch Apple owe all of us a new phone period. RUN US OUR SHIT @apple,@Apple you win my iPhone 5 acting like buns now so imma go cop a new iPhone.,RT @CurlyHeadJackyy: Bitch Apple owe all of us a new phone period. RUN US OUR SHIT @apple,@Dwight_Living @Apple 😂😂 angry self! no problem,RT @CurlyHeadJackyy: Bitch Apple owe all of us a new phone period. RUN US OUR SHIT @apple,RT @CurlyHeadJackyy: Bitch Apple owe all of us a new phone period. RUN US OUR SHIT @apple,"@_BrooklynBear @Apple Oh dang, then that’s really a problem 😂",RT @CurlyHeadJackyy: Bitch Apple owe all of us a new phone period. RUN US OUR SHIT @apple,RT @CurlyHeadJackyy: Bitch Apple owe all of us a new phone period. RUN US OUR SHIT @apple,"RT @Investopedia: .@Apple will launch three new iPhones in 2018, including a high-end model featuring a huge 6.5-inch screen: https://t.co/…",@Apple you’re really grinding my gears . I just want my dam iPhone . https://t.co/NClBluyhYa,"@AppleSupport @apple I just got the biggest fright of my life. This charger had been on for under 10 minutes, had h… https://t.co/QQpXMqkukf",I sense that the war between @Apple @Amazon @Google continues to increase. Especially with their software updates.… https://t.co/cBxzdtewar,RT @CurlyHeadJackyy: Bitch Apple owe all of us a new phone period. RUN US OUR SHIT @apple,RT @CurlyHeadJackyy: Bitch Apple owe all of us a new phone period. RUN US OUR SHIT @apple,So my @Apple iPhone X box came in the mail today. Just the BOX not my iPhone. Evidently some trash that works for @UPS has a new iPhone X,@iIuvyeoI @disbandbigbang @Apple Ouf flaunt that cash mommy,"@disbandbigbang @iIuvyeoI @Apple IM TELLING YALL, MY PHONE LNLU GETTING WORSE https://t.co/kRinky1f3S",RT @CurlyHeadJackyy: Bitch Apple owe all of us a new phone period. RUN US OUR SHIT @apple,RT @CurlyHeadJackyy: Bitch Apple owe all of us a new phone period. RUN US OUR SHIT @apple,@disbandbigbang @hocolland @Apple I HAVE THE MONEY BUT LIKE I DO REALLY WANT TO SPEND IT KN THW NEW IHPONE,RT @CurlyHeadJackyy: Bitch Apple owe all of us a new phone period. RUN US OUR SHIT @apple,RT @CurlyHeadJackyy: Bitch Apple owe all of us a new phone period. RUN US OUR SHIT @apple,RT @CurlyHeadJackyy: Bitch Apple owe all of us a new phone period. RUN US OUR SHIT @apple,@JBabsSportsChic @Apple A visual representation of your iPhone. https://t.co/aLenqHlBgW,RT @CurlyHeadJackyy: Bitch Apple owe all of us a new phone period. RUN US OUR SHIT @apple,"#HighSierra slowly bricking my computer, crackling #iPhoneX speakers ""A ?"" instead of I on iOS. Hoping that things… https://t.co/sh5pxhoJ9y",RT @CurlyHeadJackyy: Bitch Apple owe all of us a new phone period. RUN US OUR SHIT @apple,so like when is the I thing getting fixed @Apple,"I'm sooooooooo sorry, but I can't understand your tweet because @Apple glitches. They are all question marks. https://t.co/chuHSi7IVR",@iIuvyeoI @hocolland @Apple THEROY CONFIRMED,RT @CurlyHeadJackyy: Bitch Apple owe all of us a new phone period. RUN US OUR SHIT @apple,RT @CurlyHeadJackyy: Bitch Apple owe all of us a new phone period. RUN US OUR SHIT @apple,"@ApplePodcasts is still the worst native Apple app, even with all the updates in iOS 11. @Apple, @AppleSupport, ple… https://t.co/BpzOiqJNTk",RT @CurlyHeadJackyy: Bitch Apple owe all of us a new phone period. RUN US OUR SHIT @apple,@disbandbigbang @hocolland @Apple Apple care was suppose to call me back today and they didn’t .... they’re trying… https://t.co/5TG3RD0bmx,RT @CurlyHeadJackyy: Bitch Apple owe all of us a new phone period. RUN US OUR SHIT @apple,RT @CurlyHeadJackyy: Bitch Apple owe all of us a new phone period. RUN US OUR SHIT @apple,@hocolland @iIuvyeoI @Apple I CANT BREATHE,RT @CurlyHeadJackyy: Bitch Apple owe all of us a new phone period. RUN US OUR SHIT @apple,RT @CurlyHeadJackyy: Bitch Apple owe all of us a new phone period. RUN US OUR SHIT @apple,"@Apple I️ love how when I️ type “I️” and “I️t”, I️t gets autocorrected to a capital I️ and a question mark in a box appears :(",RT @CurlyHeadJackyy: Bitch Apple owe all of us a new phone period. RUN US OUR SHIT @apple,RT @CurlyHeadJackyy: Bitch Apple owe all of us a new phone period. RUN US OUR SHIT @apple,@ynavis @Apple The new update gets rid of the glitch,@disbandbigbang @iIuvyeoI @Apple Oops she caught me,"It hurts so much when you defended them and then they prove everyone right. 

@Apple","RT @IanBohen: Hey @Apple you win.  I bought the new iPhone X.  Can you unFuck my current one until it arrives??? Sincerely, everyone on the…",@roddreher @Apple Meanwhile FOUR problematic iOS updates in as many weeks. Definitely not Steve Jobs company anymore.,@hocolland @iIuvyeoI @Apple IF YOU DOMT,RT @CurlyHeadJackyy: Bitch Apple owe all of us a new phone period. RUN US OUR SHIT @apple,RT @hocolland: @iIuvyeoI @Apple All from andie trynna get child support,RT @CurlyHeadJackyy: Bitch Apple owe all of us a new phone period. RUN US OUR SHIT @apple,RT @AJGROY: New #AugmentedReality Game Release! #PoliticsARGame is available now on the @Apple App Store! Link: https://t.co/OczrgnftL7 htt…,RT @CurlyHeadJackyy: Bitch Apple owe all of us a new phone period. RUN US OUR SHIT @apple,RT @SYNCFAB: $200M of $1BN @Apple #Advanced #Manufacturing #Fund #Invest in #iPhone @Corning #Gorilla #Glass @MFGUSA @usnistgov https://t.c…,.@Apple I'm glad there's no way to dismiss this without clicking on it. Thanks for not trusting me to know the best… https://t.co/BqIjThCChg,@maritacheng who #inspires you? It’s all about what you can do with STEMed @Google @Apple @DETVic #passion… https://t.co/jI6A7D5hOr,@iIuvyeoI @Apple All from andie trynna get child support,RT @CurlyHeadJackyy: Bitch Apple owe all of us a new phone period. RUN US OUR SHIT @apple,RT @CurlyHeadJackyy: Bitch Apple owe all of us a new phone period. RUN US OUR SHIT @apple,"@apple finally ""upgraded"" to ios11. I'm either downgrading or putting together a compendium of everything that is h… https://t.co/kqOKNgLdeG",Perhaps her pale face and her soft voice got her the job. @Apple #sorrynotsorry,RT @CurlyHeadJackyy: Bitch Apple owe all of us a new phone period. RUN US OUR SHIT @apple,RT @CurlyHeadJackyy: Bitch Apple owe all of us a new phone period. RUN US OUR SHIT @apple,2 weeks or less until iPhone X is in my hands. I’m so excited 😁🤩👌🏼🙌🏼❤️🤗 @ATT @Apple,RT @CurlyHeadJackyy: Bitch Apple owe all of us a new phone period. RUN US OUR SHIT @apple,@hocolland @Apple Your texts messages with,RT @CurlyHeadJackyy: Bitch Apple owe all of us a new phone period. RUN US OUR SHIT @apple,RT @CurlyHeadJackyy: Bitch Apple owe all of us a new phone period. RUN US OUR SHIT @apple,@KoriMWilliams @Apple Oh Apple 🤣,RT @CurlyHeadJackyy: Bitch Apple owe all of us a new phone period. RUN US OUR SHIT @apple,"Wow. My MacBook is soooo slow all of a sudden. Won't respond, can't do anything. Help! @Apple @MPQuickTips #macbook #Apple",RT @CurlyHeadJackyy: Bitch Apple owe all of us a new phone period. RUN US OUR SHIT @apple,@Apple ALWAYS FUCKING UP WHEN A NEW PHONE COME OUT,RT @CurlyHeadJackyy: Bitch Apple owe all of us a new phone period. RUN US OUR SHIT @apple,RT @CurlyHeadJackyy: Bitch Apple owe all of us a new phone period. RUN US OUR SHIT @apple,I've used many devices. This one is nothing special. #iPhoneX @Apple https://t.co/MXBpy4EYN4,@texasfire6 @Apple @rcclarke1 @ChadAgFF 👍🏻👍🏻 make me a Venti,@TheMini_Prod @Apple Update ur phone they did fix it,"@Apple Oh yeah that was the same ""Woman"" that told me ""I was too confident"" lol she had to be in her 50s. ur employ… https://t.co/OuJoy2RghQ",RT @CurlyHeadJackyy: Bitch Apple owe all of us a new phone period. RUN US OUR SHIT @apple,I’ll take the 8 plus in rose gold or black please @Apple https://t.co/sJRw1RJLfW,"RT @GraysonDolan: This video explains my last tweet 😑

https://t.co/gN5b4RzmZF

We just hacked the iPhone X @Apple","@apple

I shouldn't have to worry about #someone, this is #apple #glitch 

fix it https://t.co/SZjLpFrCaH",RT @CurlyHeadJackyy: Bitch Apple owe all of us a new phone period. RUN US OUR SHIT @apple,"RT @midgettvaeh: @CurlyHeadJackyy @Apple the minute they announce the release of another phone shit wann start tripping, apps crashing and…","RT @breloved_: So @Apple , instead of just fixing the pronoun everyone uses 100x a day. You give it back as an emoji??? 🤔 https://t.co/GJho…",RT @CurlyHeadJackyy: Bitch Apple owe all of us a new phone period. RUN US OUR SHIT @apple,"RT @KoriMWilliams: dear @Apple, who approved this? https://t.co/puKsZxLekm",RT @CurlyHeadJackyy: Bitch Apple owe all of us a new phone period. RUN US OUR SHIT @apple,RT @CurlyHeadJackyy: Bitch Apple owe all of us a new phone period. RUN US OUR SHIT @apple,"dear @Apple, who approved this? https://t.co/puKsZxLekm",@Zacharythewolfe @Apple Gestalt Principles working to your advantage,RT @CurlyHeadJackyy: Bitch Apple owe all of us a new phone period. RUN US OUR SHIT @apple,"@_patmurray @Apple @tim_cook My Rayban Wayfarers don’t work with attention turned on, so I’ve turned it off.",".@Apple makes discovery in its store yet more difficult, ilyse@digiday.com writes. https://t.co/he9ofsMezO https://t.co/ReF3sLft8W",@avedastylist @Apple Right?!?,RT @CurlyHeadJackyy: Bitch Apple owe all of us a new phone period. RUN US OUR SHIT @apple,RT @CurlyHeadJackyy: Bitch Apple owe all of us a new phone period. RUN US OUR SHIT @apple,RT @CurlyHeadJackyy: Bitch Apple owe all of us a new phone period. RUN US OUR SHIT @apple,RT @lilyachty: Wassup w dis question mark in a box for the I? @Apple,This is the laptop I still use. Everything that @Apple has released since is a significant step backwards. https://t.co/zNbhURAUJW,New iPhone X teardown study estimates cost to build Apple's deluxe phone https://t.co/h907NklJay &gt;&gt; 64 GB version f… https://t.co/K9W1TVouIo,"RT @BourseetTrading: The Future of #AI is BigTechs

"" What @Amazon, @Apple, @Google, @GeneralElectric , @IBM, @Microsoft And Others Are Wor…",I hate that everytime @Apple releases a new phone the previous versions start glitching &amp; apps start crashing just… https://t.co/KRTK6Y6wwU,@Apple WHY. JUST WHYYYY?!?!?!?! 🙈😭😭😭 https://t.co/S2nWQZv4Hs,but also NOT because this fricken iphone glitch STEP UP YOUR GAME @apple,@Apple please make a finger snap emoji because I will use that at least twice an hour,@Apple So what's your fix for this? Heating up the phones? https://t.co/Q0EraAayna,RT @artattack212: @ArtOfBadApple @McDonalds @Apple Beautiful shot!,RT @uluvterrilynn: sooooo they made it an emoji..... man wtf going on with my phone @Apple https://t.co/JSvfh3xUDi,@thepaddedcell @Apple @tim_cook Yeah. Works for all my glasses but these. It’s just unfortunate it doesn’t work with these glasses.,@samantha_1001 @Apple Damn :( thought i was onto something,"RT @ValaAfshar: Born after 2002:

@Apple iPhone 📱
@Facebook
@Twitter
@YouTube
@SpaceX
@awscloud
@AlibabaGroup
@Tesla 
@Uber
@Lyft
@Airbnb
@…",RT @CurlyHeadJackyy: Bitch Apple owe all of us a new phone period. RUN US OUR SHIT @apple,@notadamc @Apple Yepp,It would be dope if there was an iPhone X Plus @Apple,RT @CurlyHeadJackyy: Bitch Apple owe all of us a new phone period. RUN US OUR SHIT @apple,This seems incredibly problematic and like something @Apple should have vigorously tested before the release of the… https://t.co/R22BHd7mtU,RT @CurlyHeadJackyy: Bitch Apple owe all of us a new phone period. RUN US OUR SHIT @apple,In my first interview the manager was asking us about why we wanted to work there and this man went first and his e… https://t.co/VcmCqteNmH,"Oh no! I lost my iPhone 7 adapter, and now I can't play music in my #yoga class tonight. 😭 Why @Apple, why?? I'll p… https://t.co/oS8KFefBO5",@WreckitSage @Two_Stacks @CurlyHeadJackyy @Apple Sneaky bitches 😖,@_patmurray @Apple @tim_cook Do you have “attention” turned on?,@Apple If I wasn't having a panic attack I'd fuckin sue,Yeah thanks much better thank you so much @Apple https://t.co/UmIu9NSesr,All these problems for $1000? Im giving up on the shitPhone X. GIVE ME MY MONEY BACK @Apple,RT @CurlyHeadJackyy: Bitch Apple owe all of us a new phone period. RUN US OUR SHIT @apple,"@mikycantero @BestBuy @Apple oki, thanks!","RT @midgettvaeh: @CurlyHeadJackyy @Apple the minute they announce the release of another phone shit wann start tripping, apps crashing and…",Uh ya apple maps just about got me killed @Apple y'all need to get that fixed right quick,RT @CurlyHeadJackyy: Bitch Apple owe all of us a new phone period. RUN US OUR SHIT @apple,RT @CurlyHeadJackyy: Bitch Apple owe all of us a new phone period. RUN US OUR SHIT @apple,"@LifeGaveyuLEMON @Apple Lol so the update does fix it, let me go do that now",Stay ahead of the times with this @gleamapp giveaway for the new @Apple Watch Series 3 with GPS + Cellular 👇 https://t.co/hHJisr8wkC,RT @CurlyHeadJackyy: Bitch Apple owe all of us a new phone period. RUN US OUR SHIT @apple,"Priceless.... @Apple   ""?"" Got a for y'all who in the hell idea was this ?? https://t.co/kF5gYsPYJW",RT @Brogatti: My apps keep crashing and my phone keep freezing. This is how we celebrate th 10th anniversary of @Apple ? Y’all are giving S…,@_MightyBee @Apple Lol you gotta update your phone,RT @CurlyHeadJackyy: Bitch Apple owe all of us a new phone period. RUN US OUR SHIT @apple,RT @CurlyHeadJackyy: Bitch Apple owe all of us a new phone period. RUN US OUR SHIT @apple,RT @CurlyHeadJackyy: Bitch Apple owe all of us a new phone period. RUN US OUR SHIT @apple,@hoodrichhhdes @Apple Damn I’ve been late behind on 2 updates 🤦🏾‍♂️Appreciate it,@Apple dhy is there not an landscape mode on iphoneX in the firstscreen or twitter !?!? i m really lost without,@CHEESELOUISE_ @Apple But I want it now https://t.co/ty5AK1lck9,RT @ttorbee: @CurlyHeadJackyy @Apple My phone will start typing itself and switching screens without me touching it this is getting so anno…,"why wouldnt yall make a rose gold iphone 8, shit would look fire w that glass back. stop disrespecting the color pink you ugly bitch @apple",RT @CurlyHeadJackyy: Bitch Apple owe all of us a new phone period. RUN US OUR SHIT @apple,This lady pretended to be a staff of Regent Centre @Apple shop in #London where I was sold fake #iPhone. It turns o… https://t.co/KyGMv1CF9h,@Apple the voice recognition for Siri sucks she constantly confuses the word pop with Paul,RT @CurlyHeadJackyy: Bitch Apple owe all of us a new phone period. RUN US OUR SHIT @apple,RT @CurlyHeadJackyy: Bitch Apple owe all of us a new phone period. RUN US OUR SHIT @apple,RT @CurlyHeadJackyy: Bitch Apple owe all of us a new phone period. RUN US OUR SHIT @apple,🗣 @Apple FIX THIS “I️” SHIT NOW https://t.co/GulG1BgMUT,RT @CurlyHeadJackyy: Bitch Apple owe all of us a new phone period. RUN US OUR SHIT @apple,"Mind u I applied 3 times. I didn't give up on the first or second no, I probably wouldn't have the third no but the… https://t.co/lDwtU3dfEY",RT @CurlyHeadJackyy: Bitch Apple owe all of us a new phone period. RUN US OUR SHIT @apple,RT @CurlyHeadJackyy: Bitch Apple owe all of us a new phone period. RUN US OUR SHIT @apple,@Apple FIX THE FUCKIN GLITCH,RT @CurlyHeadJackyy: Bitch Apple owe all of us a new phone period. RUN US OUR SHIT @apple,@apple can I get a new MacBook since I still use this one on the daily? https://t.co/AuHspo4ZLE,There must be some guy up at @Apple hysterically laughing at all the unfortunate autocorrects,Searching for contacts in iOS 11 sucks a** @Apple,RT @CurlyHeadJackyy: Bitch Apple owe all of us a new phone period. RUN US OUR SHIT @apple,RT @CurlyHeadJackyy: Bitch Apple owe all of us a new phone period. RUN US OUR SHIT @apple,RT @CurlyHeadJackyy: Bitch Apple owe all of us a new phone period. RUN US OUR SHIT @apple,RT @CurlyHeadJackyy: Bitch Apple owe all of us a new phone period. RUN US OUR SHIT @apple,RT @CurlyHeadJackyy: Bitch Apple owe all of us a new phone period. RUN US OUR SHIT @apple,If you haven’t upgraded to #HighSierra then don’t. Tried playing a video and now computer won’t stop lagging and fr… https://t.co/Z5Z9wOSzmN,@Dwight_Living @Apple there’s an update that fixed it,RT @CurlyHeadJackyy: Bitch Apple owe all of us a new phone period. RUN US OUR SHIT @apple,RT @CurlyHeadJackyy: Bitch Apple owe all of us a new phone period. RUN US OUR SHIT @apple,RT @CurlyHeadJackyy: Bitch Apple owe all of us a new phone period. RUN US OUR SHIT @apple,"RT @TobiasSound: Make Sure To Download #DMTV &amp; @whomag TV on @RokuPlayer &amp; @Apple TV to Watch the #WhoIsTobias Insider Interview, Tune into…",RT @CurlyHeadJackyy: Bitch Apple owe all of us a new phone period. RUN US OUR SHIT @apple,@navjotbrar03 @Two_Stacks @WreckitSage @CurlyHeadJackyy @Apple Honestly same,RT @CurlyHeadJackyy: Bitch Apple owe all of us a new phone period. RUN US OUR SHIT @apple,"@benshapiro Whats wrong @Twitter and @Apple ? you think youre hot shit and I'm a joke, YOU'RE RIGHT, but now your f… https://t.co/qcyLV4NZ9o",@Apple how am I️ suppose to listen to music on my Mac with your new earbuds bro https://t.co/oNHClOIlZl,@CurlyHeadJackyy @Apple Nah I got a 7+ and my shit bugging out too,"I updated my phone today &amp; I really dislike it ! 
@Apple",@TheN5OfOntario @Apple I think it’s a glitch and I’m hoping they release an update ASAP! It’s literally 10x harder… https://t.co/l09BMLgaI6,RT @CurlyHeadJackyy: Bitch Apple owe all of us a new phone period. RUN US OUR SHIT @apple,RT @CurlyHeadJackyy: Bitch Apple owe all of us a new phone period. RUN US OUR SHIT @apple,RT @DCHawksTech: Special thanks to @MarkShores and @ewheet from @Apple for working with our team today! #DecaturProud,RT @CurlyHeadJackyy: Bitch Apple owe all of us a new phone period. RUN US OUR SHIT @apple,"@Apple didn't hire me bc they said I was too confident, Steve Jobs is probably rolling in his death bed.",RT @CurlyHeadJackyy: Bitch Apple owe all of us a new phone period. RUN US OUR SHIT @apple,RT @DCHawksTech: Special thanks to @MarkShores and @ewheet from @Apple for working with our team today! #DecaturProud,Special thanks to @MarkShores and @ewheet from @Apple for working with our team today! Always great working and lea… https://t.co/fpwCsazJxA,RT @ScamJackson: Maybe this whole I️ fiasco is @Apple’s way of telling us to remove our egos,RT @CurlyHeadJackyy: Bitch Apple owe all of us a new phone period. RUN US OUR SHIT @apple,RT @CurlyHeadJackyy: Bitch Apple owe all of us a new phone period. RUN US OUR SHIT @apple,man fuck this damn glitch! @Apple get y’all shit together,RT @CurlyHeadJackyy: Bitch Apple owe all of us a new phone period. RUN US OUR SHIT @apple,It’s fuck ass @Apple !!! I’m tired of y’all shit https://t.co/1y57MSoqEI,my iPhone is working like a piece of shit since the last update... shady @Apple,"RT @BCunningham215: Fuck you, @Apple",My phones so glitchy what the fuck @Apple,RT @CurlyHeadJackyy: Bitch Apple owe all of us a new phone period. RUN US OUR SHIT @apple,RT @CurlyHeadJackyy: Bitch Apple owe all of us a new phone period. RUN US OUR SHIT @apple,@GraysonDolan @EthanDolan So TELL ME WHY I strategically placed my phone down so that it would charge while I ate d… https://t.co/ReQajOLBhK,RT @tnel2003: Hey @Apple when are you guys gonna make a mixed race family emoji? I mean majority of the world do not have blonde hair and w…,RT @CurlyHeadJackyy: Bitch Apple owe all of us a new phone period. RUN US OUR SHIT @apple,@quinnebvnks @Apple Thought I was the only one bruh 😂 from 100% to 20% in like 3 minutes,Special thanks to @MarkShores and @ewheet from @Apple for working with our team today! #DecaturProud,"Okay this is very important, I am going to use my 280 character privilege for this. We have pizza 🍕, bacon 🥓, avoca… https://t.co/Bfc48BfFUv",RT @CurlyHeadJackyy: Bitch Apple owe all of us a new phone period. RUN US OUR SHIT @apple,Okay @Android y'all better be worth the switch from @Apple,@Apple all these new updates but still no group facetime 💔,If you have any @Apple products you should probably buy @SyncwireProduct cords. Lifetime warranty.,"Ok but like can we trade some of these emojis for the gun and all the little Russian, Mexican, Asian ones... @Apple",RT @CurlyHeadJackyy: Bitch Apple owe all of us a new phone period. RUN US OUR SHIT @apple,@TieraMusic @Apple Mine was doing that but shutting down all together. Did update haven’t had that problem since.,@DanBehringer221 @Apple “lasers”,@Apple @AppleSupport get ya fucking shit together cause “i.t” is pissing me off,RT @CurlyHeadJackyy: Bitch Apple owe all of us a new phone period. RUN US OUR SHIT @apple,RT @CurlyHeadJackyy: Bitch Apple owe all of us a new phone period. RUN US OUR SHIT @apple,New #AugmentedReality Game Release! #PoliticsARGame is available now on the @Apple App Store! Link:… https://t.co/850NFQTRHA,New #AugmentedReality Game Release! #PoliticsARGame is available now on the @Apple App Store! Link:… https://t.co/wo4u68VlVa,New #AugmentedReality Game Release! #PoliticsARGame is available now on the @Apple App Store! Link:… https://t.co/okl4aC62lI,RT @CurlyHeadJackyy: Bitch Apple owe all of us a new phone period. RUN US OUR SHIT @apple,@Apple I️ just want a new phone at this point,RT @DHS_Group: Move is one of the few #EmployeeEngagement programs that works with both @Apple and @Android devices. Learn more: https://t.…,"@BudKennedy @Apple No way, Bud...I️ updated my iPad and have had email issues ever since that I️ don’t have on my u… https://t.co/81Zam7G0l4",@Apple The IPhone X was a fail.,Why do we vilify #tobacco but encourage the use of marijuana? @Apple's decision to remove the #WhereToSmokeApp but… https://t.co/1eBQbvJ7Kh,@itsalexibabes @Apple It’s like one of the worst updates,@valeriebaird13 @Apple Just cut the cord off each earbud 😁,"Can’t wait any longer. TNT Express you disappoint EVERY TIME. Hey @apple, can you just use Australia Post instead?",@nuhamahgouub @Apple is losing the firmness of their sofotware and becoming an expensive version of @Android  namely @Samsung  mobiles,RT @CurlyHeadJackyy: Bitch Apple owe all of us a new phone period. RUN US OUR SHIT @apple,RT @CurlyHeadJackyy: Bitch Apple owe all of us a new phone period. RUN US OUR SHIT @apple,@benshapiro @Twitter @Apple post my tweets or answer to Allah!,"#BloodPressure monitoring for #cardiovascular #risk stratification using  #PPG sensor in @Apple #AppleWatch, using… https://t.co/St153OBJKH",RT @CurlyHeadJackyy: Bitch Apple owe all of us a new phone period. RUN US OUR SHIT @apple,@MKBHD @Apple has lost its direction of simplicity...,"Guess @Apple is having fun 🤣

#iPhoneX #NotchRemover https://t.co/tYL6LKCiWU",RT @CurlyHeadJackyy: Bitch Apple owe all of us a new phone period. RUN US OUR SHIT @apple,Why tf is my phone acting up. Get your shit together @Apple,RT @CurlyHeadJackyy: Bitch Apple owe all of us a new phone period. RUN US OUR SHIT @apple,RT @CurlyHeadJackyy: Bitch Apple owe all of us a new phone period. RUN US OUR SHIT @apple,RT @CurlyHeadJackyy: Bitch Apple owe all of us a new phone period. RUN US OUR SHIT @apple,@kbiggs11 @Apple Are you on WiFi?,RT @CurlyHeadJackyy: Bitch Apple owe all of us a new phone period. RUN US OUR SHIT @apple,RT @CurlyHeadJackyy: Bitch Apple owe all of us a new phone period. RUN US OUR SHIT @apple,"@CMikeJ4 @AppleSupport @Apple If there is another boycott coming, I’ll take your MacBook.",RT @CurlyHeadJackyy: Bitch Apple owe all of us a new phone period. RUN US OUR SHIT @apple,@Apple you need to fix your shit. Both updates are garbage,GET. YOUR. SHIT. TOGETHER. @apple @internet @world,RT @CurlyHeadJackyy: Bitch Apple owe all of us a new phone period. RUN US OUR SHIT @apple,The @Apple Watch Can Accurately Detect Hypertension and Sleep Apnea #AppleWatch via @gizmodo @Apple,RT @MegRobinsonxo: why are apple sending me fake texts about my account being disabled?? @Apple,RT @CurlyHeadJackyy: Bitch Apple owe all of us a new phone period. RUN US OUR SHIT @apple,RT @CurlyHeadJackyy: Bitch Apple owe all of us a new phone period. RUN US OUR SHIT @apple,"Okay, @Apple... WHERE ARE THE GINGER EMOJIS?!?!?!",Maybe this whole I️ fiasco is @Apple’s way of telling us to remove our egos,RT @CurlyHeadJackyy: Bitch Apple owe all of us a new phone period. RUN US OUR SHIT @apple,RT @CurlyHeadJackyy: Bitch Apple owe all of us a new phone period. RUN US OUR SHIT @apple,@Apple can we get an Oreo emoji for miss @dinahjane97 it’s needed 😂just like I need her to know I love her😭❤️ and I… https://t.co/eTMEuvXEpt,The new @Apple update crashed my whole phone and it will no longer charge. Have to send phone to @sprint &amp; they say I have to pay #terrible,RT @CurlyHeadJackyy: Bitch Apple owe all of us a new phone period. RUN US OUR SHIT @apple,@Apple FIX ALL THIS SHIT,"Apple reportedly working on laser-based 3-D sensor for 2019 iPhone.
https://t.co/7QufTWe3v2 @Apple #smartphones #technology $AAPL","Nvm I don’t hate @Apple anymore.. I forgot my wallet and I didn’t have gas, but Apple Pay saved the day!! 😭👏🏼",RT @CurlyHeadJackyy: Bitch Apple owe all of us a new phone period. RUN US OUR SHIT @apple,"What the morbid hell is this, @apple? https://t.co/2UBqUeOBSa",@HealthTechJen @healthtechdan @ZDoggMD @Apple @DocVaderMD @HealthEugene @JohnPugh @milindkam @MikeGordonRyan… https://t.co/4auWUNj1ET,RT @CurlyHeadJackyy: Bitch Apple owe all of us a new phone period. RUN US OUR SHIT @apple,RT @CurlyHeadJackyy: Bitch Apple owe all of us a new phone period. RUN US OUR SHIT @apple,RT @CurlyHeadJackyy: Bitch Apple owe all of us a new phone period. RUN US OUR SHIT @apple,RT @CurlyHeadJackyy: Bitch Apple owe all of us a new phone period. RUN US OUR SHIT @apple,"@_LoveRenee_ @Apple Ever since I updated mine, mine doesn’t do it. I still see other people boxes though until they update theirs","RT @midgettvaeh: @CurlyHeadJackyy @Apple the minute they announce the release of another phone shit wann start tripping, apps crashing and…",RT @CurlyHeadJackyy: Bitch Apple owe all of us a new phone period. RUN US OUR SHIT @apple,RT @CurlyHeadJackyy: Bitch Apple owe all of us a new phone period. RUN US OUR SHIT @apple,RT @HusoKuro: Why you messing with my phone @Apple,RT @CurlyHeadJackyy: Bitch Apple owe all of us a new phone period. RUN US OUR SHIT @apple,@Apple threw me a fun little curve ball. There are no donations happening in my game but our platform as a company… https://t.co/HRHv1cBopA,RT @CurlyHeadJackyy: Bitch Apple owe all of us a new phone period. RUN US OUR SHIT @apple,"The new MacBook Pro is adapter hell...plenty of other dumbass decisions too. You made a steaming pile of garbage,… https://t.co/j43mPeJVvW",RT @CurlyHeadJackyy: Bitch Apple owe all of us a new phone period. RUN US OUR SHIT @apple,How can medical records be opened with @Apple face ID? The answer: @drchrono. #healthtech #mhealth #emr #healthcare… https://t.co/E6HxYo9Amp,RT @CurlyHeadJackyy: Bitch Apple owe all of us a new phone period. RUN US OUR SHIT @apple,It’s hard to tell what is more mind blowing: how killer the @Apple AirPods are or the @Chilis takeout I got last ni… https://t.co/ItukR4DNeC,RT @CurlyHeadJackyy: Bitch Apple owe all of us a new phone period. RUN US OUR SHIT @apple,These question mark boxes and shit getting on my nerves @apple what’s going on,RT @CurlyHeadJackyy: Bitch Apple owe all of us a new phone period. RUN US OUR SHIT @apple,RT @CurlyHeadJackyy: Bitch Apple owe all of us a new phone period. RUN US OUR SHIT @apple,I wish @Apple do something with this box and question marks ! At this point I’m so aggravated with it!,RT @keuLrHymes: Hey @apple your voicemail app in ios is very broken. #justaheadsup,RT @CurlyHeadJackyy: Bitch Apple owe all of us a new phone period. RUN US OUR SHIT @apple,RT @CurlyHeadJackyy: Bitch Apple owe all of us a new phone period. RUN US OUR SHIT @apple,I hate that @apple and @ATT lock you into crappy service. I wouldn’t have even bought my watch if I knew this would… https://t.co/SoQ8KJDbiw,@Apple @AppleSupport what’s going on??????? #apple #ios https://t.co/DWx06vuihu,RT @CurlyHeadJackyy: Bitch Apple owe all of us a new phone period. RUN US OUR SHIT @apple,RT @CurlyHeadJackyy: Bitch Apple owe all of us a new phone period. RUN US OUR SHIT @apple,RT @CurlyHeadJackyy: Bitch Apple owe all of us a new phone period. RUN US OUR SHIT @apple,RT @MichelleMaalouf: Congrats to @cubigo and @Apple for a great breakfast! @houbeng #a2optimize @aging20 https://t.co/fwMgOfDTnp,RT @CurlyHeadJackyy: Bitch Apple owe all of us a new phone period. RUN US OUR SHIT @apple,Waiting for @Apple to make a non glitchy ios again,@Apple @AppleSupport @AppleMusic @AppleEDU @ApplePodcasts @AppleNews @AppleNewsUK @MKBHD keep on spamming them and maybe it'll work 🙏,"RT @midgettvaeh: @CurlyHeadJackyy @Apple the minute they announce the release of another phone shit wann start tripping, apps crashing and…",RT @CurlyHeadJackyy: Bitch Apple owe all of us a new phone period. RUN US OUR SHIT @apple,RT @CurlyHeadJackyy: Bitch Apple owe all of us a new phone period. RUN US OUR SHIT @apple,RT @CurlyHeadJackyy: Bitch Apple owe all of us a new phone period. RUN US OUR SHIT @apple,RT @CurlyHeadJackyy: Bitch Apple owe all of us a new phone period. RUN US OUR SHIT @apple,I*** ugh @Apple,fucnk you @Apple,"Hey @Apple, get fucked! 🖕🏻 #thisupdatesucksworsethanthelast",RT @CurlyHeadJackyy: Bitch Apple owe all of us a new phone period. RUN US OUR SHIT @apple,RT @CurlyHeadJackyy: Bitch Apple owe all of us a new phone period. RUN US OUR SHIT @apple,"@3ACC @Apple Thanks for the shout out, AC. #HappyStreaming!",RT @CurlyHeadJackyy: Bitch Apple owe all of us a new phone period. RUN US OUR SHIT @apple,RT @ebethavaya: Learn how @Avaya &amp; @Apple are changing the game with WebRTC for the #CC. #Webinar on 11/14 @ 9amPST https://t.co/8z28mad0Y1…,"@jamesperloff I don't get it.

Imma G-DAMNED GENIU$!

@googleresearch
@googledevs
@Microsoft
@facebook
@amazon… https://t.co/wRYR4bUBhP",RT @ahkuma_: ALSO WHY THE FUCK AM I STILL SEEING BOXES W/ QUESTION MARKS WHEN I UPDATED @Apple https://t.co/oT34RSl4G9,Why has my phone restarted on its own twice today?? @Apple,@ahkuma_ @Apple YEAH @Apple !!!! We need answers lmao,"RT @BourseetTrading: The Future of #AI is BigTechs

"" What @Amazon, @Apple, @Google, @GeneralElectric , @IBM, @Microsoft And Others Are Wor…",RT @CurlyHeadJackyy: Bitch Apple owe all of us a new phone period. RUN US OUR SHIT @apple,RT @CurlyHeadJackyy: Bitch Apple owe all of us a new phone period. RUN US OUR SHIT @apple,@Apple YALL REALLY WACK,@Apple the new UX/UI is killing me. Jeez I know I’m in my inbox and don’t need that gigantic header. #uidesign #uxfail #iOS11,@Apple will u fix this I️ bullshit,ALSO WHY THE FUCK AM I STILL SEEING BOXES W/ QUESTION MARKS WHEN I UPDATED @Apple https://t.co/oT34RSl4G9,RT @CurlyHeadJackyy: Bitch Apple owe all of us a new phone period. RUN US OUR SHIT @apple,RT @Wearedelivr: We love this kind of news! GoGo @Apple ~! Augmented reality is the future! #augmentedreality #ar #apple https://t.co/ZyFVQ…,"After upgrading to #HighSierra my Mac is now slower than ever. Thanks, @Apple, who needs a fast computer? @AppleSupport",@Apple you’ve totally destroyed the enjoyment of getting a new iPhone,RT @CurlyHeadJackyy: Bitch Apple owe all of us a new phone period. RUN US OUR SHIT @apple,RT @CurlyHeadJackyy: Bitch Apple owe all of us a new phone period. RUN US OUR SHIT @apple,RT @CurlyHeadJackyy: Bitch Apple owe all of us a new phone period. RUN US OUR SHIT @apple,RT @CurlyHeadJackyy: Bitch Apple owe all of us a new phone period. RUN US OUR SHIT @apple,Yo @Apple why does the new update make my phone battery go from 100% to 59% after replying to a text &amp; posting a new tweet?,@Seaneqk @Apple You sales guys really don’t know shit about logistics 😂,WHY IS MY PHONE CONSTANTLY CRASHING? get your shit together @Apple,@grantmcgalliard Oh ffs @apple,RT @CurlyHeadJackyy: Bitch Apple owe all of us a new phone period. RUN US OUR SHIT @apple,RT @CurlyHeadJackyy: Bitch Apple owe all of us a new phone period. RUN US OUR SHIT @apple,RT @ZeroQuarante_: Please explain why you are scanning my pictures ? @AppleSupport @Apple @shanedawson https://t.co/4dMHxHboFD,RT @CurlyHeadJackyy: Bitch Apple owe all of us a new phone period. RUN US OUR SHIT @apple,I hate how my phones brightness will automatically get dark then light after a few minutes wtf!! @Apple I’m so tired of y’all,Please explain why you are scanning my pictures ? @AppleSupport @Apple @shanedawson https://t.co/4dMHxHboFD,Has anyone else had this problem with iPhoneX: as soon as I bought one I couldn’t pay rent and now I’m hungry all t… https://t.co/CF8z3ckHw4,RT @CurlyHeadJackyy: Bitch Apple owe all of us a new phone period. RUN US OUR SHIT @apple,"RT @midgettvaeh: @CurlyHeadJackyy @Apple the minute they announce the release of another phone shit wann start tripping, apps crashing and…",Stay ahead of the times with this @gleamapp giveaway for the new @Apple Watch Series 3 with GPS + Cellular 👇 https://t.co/wEJ6CJrhwc,RT @CurlyHeadJackyy: Bitch Apple owe all of us a new phone period. RUN US OUR SHIT @apple,RT @CurlyHeadJackyy: Bitch Apple owe all of us a new phone period. RUN US OUR SHIT @apple,RT @CurlyHeadJackyy: Bitch Apple owe all of us a new phone period. RUN US OUR SHIT @apple,@JakeScott05 @Apple But I updated and I still see them. I could see them doing something like that tho,RT @CurlyHeadJackyy: Bitch Apple owe all of us a new phone period. RUN US OUR SHIT @apple,".@Apple please, create an alarms app for Mac so I can sync my alarms! Thank u",My phone has been on the charger for over an hour and it’s losing battery percentage! Wtf @Apple 🤦🏻‍♀️,RT @CurlyHeadJackyy: Bitch Apple owe all of us a new phone period. RUN US OUR SHIT @apple,RT @CurlyHeadJackyy: Bitch Apple owe all of us a new phone period. RUN US OUR SHIT @apple,RT @CurlyHeadJackyy: Bitch Apple owe all of us a new phone period. RUN US OUR SHIT @apple,RT @CurlyHeadJackyy: Bitch Apple owe all of us a new phone period. RUN US OUR SHIT @apple,RT @CurlyHeadJackyy: Bitch Apple owe all of us a new phone period. RUN US OUR SHIT @apple,RT @mollywatttrust: Tomorrow @MollyWattTalks gets to present at @Apple HQ Cupertino for the 3rd time “I love that they listen and I’ve seen…,RT @CurlyHeadJackyy: Bitch Apple owe all of us a new phone period. RUN US OUR SHIT @apple,"#AssassinsCreed

Well I haven’t played the game so didn’t know what to expect.

Took a while to get into the back s… https://t.co/dVmwb0C7rg",@MrNoMa_am This whole I️ issue is getting really irritating @apple,RT @CurlyHeadJackyy: Bitch Apple owe all of us a new phone period. RUN US OUR SHIT @apple,"RT @BourseetTrading: The Future of #AI is BigTechs

"" What @Amazon, @Apple, @Google, @GeneralElectric , @IBM, @Microsoft And Others Are Wor…",They need to make a RED iPhone 8. @Apple,You’re not funny @Apple https://t.co/lU8FwIvBQM,"RT @Investopedia: .@Apple will launch three new iPhones in 2018, including a high-end model featuring a huge 6.5-inch screen: https://t.co/…","RT @Investopedia: .@Apple will launch three new iPhones in 2018, including a high-end model featuring a huge 6.5-inch screen: https://t.co/…","RT @Investopedia: .@Apple will launch three new iPhones in 2018, including a high-end model featuring a huge 6.5-inch screen: https://t.co/…",RT @CurlyHeadJackyy: Bitch Apple owe all of us a new phone period. RUN US OUR SHIT @apple,Oh my god @Apple you have made it so hard to recover my iCloud password. MY PHONE IS NOT WORKING SO WHY IS TEXT MY ONLY OPTION TO VERIFY??,@thehill @SenateMajLdr @realDonaldTrump @SecretService @SpeakerRyan @HouseGOP @SenateGOP @HouseDemocrats… https://t.co/oRqdwi8rZn,RT @CurlyHeadJackyy: Bitch Apple owe all of us a new phone period. RUN US OUR SHIT @apple,RT @CurlyHeadJackyy: Bitch Apple owe all of us a new phone period. RUN US OUR SHIT @apple,Hey @Apple @tim_cook my very rainbow sunglasses don’t work with FaceID and I’d appreciate a fix pls,This is fintech on an unprecedented global scale. Signals a message to all businesses not just banks!  #Fintech… https://t.co/6bIivjNCmU,RT @CurlyHeadJackyy: Bitch Apple owe all of us a new phone period. RUN US OUR SHIT @apple,RT @WreckitSage: @Two_Stacks @CurlyHeadJackyy @Apple Even if you avoid the updates your phone freezes and gets glitches. I dunno how many t…,@hellomunroe @Apple They straight up removed it? I’m not updating until I deliver 313.,RT @CurlyHeadJackyy: Bitch Apple owe all of us a new phone period. RUN US OUR SHIT @apple,RT @CurlyHeadJackyy: Bitch Apple owe all of us a new phone period. RUN US OUR SHIT @apple,"RT @OmarCorrea: @Apple here’s a feature you should add to iOS for the #iPhoneX - Head Nod Unlocking. You lift to wake up the screen, Face I…",I need the twerking emoji NOW @Apple,Billions Served (In Secret): How their mobile supply chain give @Apple and @Samsung an edge #Repost @tim_cook… https://t.co/Gsii92ka8x,RT @CurlyHeadJackyy: Bitch Apple owe all of us a new phone period. RUN US OUR SHIT @apple,RT @CurlyHeadJackyy: Bitch Apple owe all of us a new phone period. RUN US OUR SHIT @apple,RT @CurlyHeadJackyy: Bitch Apple owe all of us a new phone period. RUN US OUR SHIT @apple,Hey @Apple when are you guys gonna make a mixed race family emoji? I mean majority of the world do not have blonde hair and white skin :),Why didn’t y’all make the iPhone X in rose gold?!😫😭 @Apple,"RT @midgettvaeh: @CurlyHeadJackyy @Apple the minute they announce the release of another phone shit wann start tripping, apps crashing and…","@_bi_mad @CurlyHeadJackyy @Apple Also Check me out 🌚🌚
https://t.co/JIpX3reh92","@Apple DIVIDE YOUR NOTIFICATIONS BY APP

DIVIDE YOUR NOTIFICATIONS BY APP

DIVIDE YOUR NOTIFICATIONS BY APP

DIVIDE… https://t.co/HxbKxReI49",Tonight at 6pm on @Roundhouse983  hear the latest on @AlibabaGroup  @lyft and @Apple with and @hayleywoodin  @BIVnews #techpanel,RT @CurlyHeadJackyy: Bitch Apple owe all of us a new phone period. RUN US OUR SHIT @apple,Is anyone else having issues with their iPhone ? @Apple You got some explaining to do .,"RT @PrizeSquad: FOLLOW &amp; RETWEET TO #WIN THIS @Apple iPhone X, 256GB. #GIVEAWAY
Ends: 24/11/17 #COMPETITION #iPhoneX https://t.co/BHTmtVp3qu","RT @BourseetTrading: The Future of #AI is BigTechs

"" What @Amazon, @Apple, @Google, @GeneralElectric , @IBM, @Microsoft And Others Are Wor…",RT @CurlyHeadJackyy: Bitch Apple owe all of us a new phone period. RUN US OUR SHIT @apple,@Apple I’m tired of ya unnecessary glitches. Paying so much for your latest version for it to still be fucked up. Explain.,@Apple wtf is up with my iPhone,@ArtOfBadApple @McDonalds @Apple Love this picture!,"Hey @Apple , please update iOS to support 280 Twitter for native iOS widget. Thanks!","RT @ArtOfBadApple: This #iPhoneX camera is so good, it makes every shot seem like it belongs in an Ad! Right @McDonalds ??? 
@Apple #ShotWi…",@apple we need to talk...,RT @CurlyHeadJackyy: Bitch Apple owe all of us a new phone period. RUN US OUR SHIT @apple,@apple really fucked up these last few updates and the whole I situation,"@AppleSupport when will iphone X be available in USA  stores ? "" store pickup "" @Apple  #iPhoneX  @TMobile","Now we need an emoji heart just like this beautiful flag 🏳️‍🌈
@Apple come to the party?!

#MarriageEquality",RETWEET @apple needs to fix this https://t.co/TwoOspHNXH,@G_Eazy @Apple letting unreleased play https://t.co/0N2LEWhG2c,RT @CurlyHeadJackyy: Bitch Apple owe all of us a new phone period. RUN US OUR SHIT @apple,"RT @PrizeSquad: FOLLOW &amp; RETWEET TO #WIN THIS @Apple iPhone X, 256GB. #GIVEAWAY
Ends: 24/11/17 #COMPETITION #iPhoneX https://t.co/BHTmtVp3qu",RT @CurlyHeadJackyy: Bitch Apple owe all of us a new phone period. RUN US OUR SHIT @apple,Why is it so fucking hard to find an @Apple compatible printer!!! That's cheap,RT @CurlyHeadJackyy: Bitch Apple owe all of us a new phone period. RUN US OUR SHIT @apple,RT @MSokolow_WHS: Great way to start the week off! We are officially iBook Authors! @Apple @iBooks @WHSBarronPride @MsZarestkyEngli @WHSLot…,RT @CurlyHeadJackyy: Bitch Apple owe all of us a new phone period. RUN US OUR SHIT @apple,RT @CurlyHeadJackyy: Bitch Apple owe all of us a new phone period. RUN US OUR SHIT @apple,"RT @midgettvaeh: @CurlyHeadJackyy @Apple the minute they announce the release of another phone shit wann start tripping, apps crashing and…","Hey @Samsung how long is too long without a phone? Does 4 weeks seem excessive to you? @SamsungMobileUS @SamsungSupport Thoughts, @Apple?",RT @CurlyHeadJackyy: Bitch Apple owe all of us a new phone period. RUN US OUR SHIT @apple,@CurlyHeadJackyy @Apple My phone will start typing itself and switching screens without me touching it this is gett… https://t.co/MKDCVQm8ki,@AlibabaGroup Yo. Have the owner get a hold of me. I wanna pay him a dollar to work for him. Word to the wise: I'd… https://t.co/bU0bHVQPmn,it&gt;&gt;&gt;&gt;&gt;I.T @apple,RT @CurlyHeadJackyy: Bitch Apple owe all of us a new phone period. RUN US OUR SHIT @apple,"RT @BourseetTrading: The Future of #AI is BigTechs

"" What @Amazon, @Apple, @Google, @GeneralElectric , @IBM, @Microsoft And Others Are Wor…","@apple I’m kinda concerned that you can’t change the pig emoji to black,Brown,grey it’s  racist and I’m a pig and I… https://t.co/8YiRBRYXHy",RT @CurlyHeadJackyy: Bitch Apple owe all of us a new phone period. RUN US OUR SHIT @apple,RT @CurlyHeadJackyy: Bitch Apple owe all of us a new phone period. RUN US OUR SHIT @apple,Okay I️ gave in @Apple  😩,@SquidlyMan @Apple @AppleSupport Agreed after my restore I have lots of stuff missing.,RT @CurlyHeadJackyy: Bitch Apple owe all of us a new phone period. RUN US OUR SHIT @apple,RT @Greaysun: @Apple Your updates are ruining my life!!! STOP THE BUGS 🐜 🚫,RT @DesiPerkins: I️ wish @Apple wouldn’t play my tweets with these damn question marks tho😭🤦🏽‍♀️😂,RT @CurlyHeadJackyy: Bitch Apple owe all of us a new phone period. RUN US OUR SHIT @apple,RT @CurlyHeadJackyy: Bitch Apple owe all of us a new phone period. RUN US OUR SHIT @apple,".@Apple will launch three new iPhones in 2018, including a high-end model featuring a huge 6.5-inch screen: https://t.co/99c6obTmDX",@Apple why make it so I have to choose to either charge my phone or listen to music why not both? #iPhone8Plus,@Apple explain to me why I now have to charge my phone 50 times a day bitch?¿ https://t.co/mFYIgjYMLQ,@Apple quit breakin’ shit!🙄😔🤬 https://t.co/AbwXW3dczw,RT @CurlyHeadJackyy: Bitch Apple owe all of us a new phone period. RUN US OUR SHIT @apple,"So crazy that @Apple categorizes our photos! They even go into ""interior room,"" ""blue jeans,"" ""break of day,"" ""dark… https://t.co/ydPLA1zk9l",RT @CurlyHeadJackyy: Bitch Apple owe all of us a new phone period. RUN US OUR SHIT @apple,RT @CurlyHeadJackyy: Bitch Apple owe all of us a new phone period. RUN US OUR SHIT @apple,That  @SamsungUS commercial dissing @Apple 😂😂😂😂😂😂😂😂😂😂😂😂😂😂😂😂😂😂 Lit,@TheAlexFarina @Apple They did an update for it. Have you tried that yet? I did it and my phone has been fine since,RT @CurlyHeadJackyy: Bitch Apple owe all of us a new phone period. RUN US OUR SHIT @apple,RT @Leli_ann: My phone is acting up after I updated it like I knew it would. @Apple you a bitch.,"RT @texasfire6: This is a Video I did with #iPhoneX the 1st part is 1080p, #eggnoglatte is 4K! #ENLnation @Apple
check it out here:
https:/…","RT @hayleyjm16: The High Sierra updating on my MacBook, destroyed my computer. Thanks @Apple",RT @CurlyHeadJackyy: Bitch Apple owe all of us a new phone period. RUN US OUR SHIT @apple,"@RokuPlayer Wanted to give a shout out to you, switched from @Apple TV to a Roku Ultra for DirecTVNow and have neve… https://t.co/SoRcDbOG3g",RT @CurlyHeadJackyy: Bitch Apple owe all of us a new phone period. RUN US OUR SHIT @apple,"RT @BourseetTrading: The Future of #AI is BigTechs

"" What @Amazon, @Apple, @Google, @GeneralElectric , @IBM, @Microsoft And Others Are Wor…",DOJ has a higher potential for success in getting @NSAGov to make its #Encryption weaker (via #BackDoors) than they… https://t.co/yfzeAplFBL,"RT @midgettvaeh: @CurlyHeadJackyy @Apple the minute they announce the release of another phone shit wann start tripping, apps crashing and…",RT @CurlyHeadJackyy: Bitch Apple owe all of us a new phone period. RUN US OUR SHIT @apple,RT @CurlyHeadJackyy: Bitch Apple owe all of us a new phone period. RUN US OUR SHIT @apple,@chrislhayes Dear @Apple please make a beer-spitting emoji before @chrislhayes next all caps tweet thanks,@nathanhermida @Apple Uh excuse me,"https://t.co/PyADmMZGUg

Stream Now On @iTunes @Apple",Steve Jobs may come back from the dead for fresh blood @apple for this one. https://t.co/W9ZEKHmpid,"RT @BourseetTrading: The Future of #AI is BigTechs

"" What @Amazon, @Apple, @Google, @GeneralElectric , @IBM, @Microsoft And Others Are Wor…",@PatrikIanPolk @Apple Please follow us so we can DM you.,@Apple @AppleSupport help us out🤷🏼‍♀️,RT @CurlyHeadJackyy: Bitch Apple owe all of us a new phone period. RUN US OUR SHIT @apple,@fmccann18 @Apple please disable her iphone.,@Apple here’s a feature you should add to iOS for the #iPhoneX - Head Nod Unlocking. You lift to wake up the screen… https://t.co/a3NzOawLEq,@CMIN_ @Apple So annoying,@KarenMarie2204 @Apple Mine keeps going into the activation screen like it does when you first get the phone. Then… https://t.co/UeWkmw4v6B,Returning my @Apple iPhone X because I knew this would happen. Oh and y’all should name that phone “iPhone XL” 😒 https://t.co/fx9v1fgWSc,@MillingtonVilla @Apple I have had the same issue! Had to go apple twice!,@goodaquarius @Apple Update your phone !!,RT @CurlyHeadJackyy: Bitch Apple owe all of us a new phone period. RUN US OUR SHIT @apple,RT @CurlyHeadJackyy: Bitch Apple owe all of us a new phone period. RUN US OUR SHIT @apple,Took y’all long enough but we want Steve jobs back @Apple,@inequals @Apple OMG THISSSSSS DOES MY HEAD IN. WHATS THE POINT APPLE,RT @CurlyHeadJackyy: Bitch Apple owe all of us a new phone period. RUN US OUR SHIT @apple,RT @Pocketlint: The highly recommended award for Best Laptop goes to the @Apple MacBook – with the winning award going to @Microsoft for th…,"RT @BourseetTrading: The Future of #AI is BigTechs

"" What @Amazon, @Apple, @Google, @GeneralElectric , @IBM, @Microsoft And Others Are Wor…",@Apple Should make a live emoji. And I want my cut when y’all do,This “hey Siri” crap from @apple is useless,RT @CurlyHeadJackyy: Bitch Apple owe all of us a new phone period. RUN US OUR SHIT @apple,RT @CurlyHeadJackyy: Bitch Apple owe all of us a new phone period. RUN US OUR SHIT @apple,R.I.P to my home button. Gotta close all my apps in order to see home screen. Aaand I can’t see my battery life or… https://t.co/TCmTR8y2bd,@AppleHomeKitUS @engadget Why don’t show that products in this official @Apple list? https://t.co/CXTKRbz5vU @IKEAUSA,Hey @pschiller what's the best way to get in touch with @Apple 's marketing department?,@KenzLeee_ @Apple Mine did that for like 10 hours lol then updated when I was asleep,@mitchwoakes_ @Apple idk i haven’t done anything but apaz it’s fake cus everyone’s been getting it🤷🏼‍♀️,"This is a Video I did with #iPhoneX the 1st part is 1080p, #eggnoglatte is 4K! #ENLnation @Apple
check it out here:
https://t.co/jguu4UkhUM",RT @CurlyHeadJackyy: Bitch Apple owe all of us a new phone period. RUN US OUR SHIT @apple,"@Apple Apple iPhone X users experience crackling and buzzing sounds through earpiece speaker

Cheep Crap",@Pontifex @USCCB @jamesperloff @googleresearch @googledevs @Microsoft @facebook @amazon @firefox @Twitter @Adobe… https://t.co/pqryowekdq,RT @CurlyHeadJackyy: Bitch Apple owe all of us a new phone period. RUN US OUR SHIT @apple,RT @CurlyHeadJackyy: Bitch Apple owe all of us a new phone period. RUN US OUR SHIT @apple,Rt to save a life with @Apple’s auto-brightness. https://t.co/SHbV4LMRHs,"I would love to see a new iPod Touch with Touch ID, looking more like an iPhone, bigger screen with 2 versions (nor… https://t.co/zqRvhrwUEj","Request to @amazonecho @microsoft Cortona, @apple Siri @google Assistant developers: Need a skill to have your AI s… https://t.co/ZWyNu0Xzks","RT @BourseetTrading: The Future of #AI is BigTechs

"" What @Amazon, @Apple, @Google, @GeneralElectric , @IBM, @Microsoft And Others Are Wor…","RT @PrizeSquad: FOLLOW &amp; RETWEET TO #WIN THIS @Apple iPhone X, 256GB. #GIVEAWAY
Ends: 24/11/17 #COMPETITION #iPhoneX https://t.co/BHTmtVp3qu",RT @CurlyHeadJackyy: Bitch Apple owe all of us a new phone period. RUN US OUR SHIT @apple,RT @CurlyHeadJackyy: Bitch Apple owe all of us a new phone period. RUN US OUR SHIT @apple,@EricDlux @Apple Try to log out off your Apple ID then log back in.,why are apple sending me fake texts about my account being disabled?? @Apple,RT @CurlyHeadJackyy: Bitch Apple owe all of us a new phone period. RUN US OUR SHIT @apple,"RT @BourseetTrading: The Future of #AI is BigTechs

"" What @Amazon, @Apple, @Google, @GeneralElectric , @IBM, @Microsoft And Others Are Wor…",@Apple iPhone X trick gives everyone Superman's X-ray vision* https://t.co/Ta3oMNMyHN #Apple #iPhone #Superman #TechTuesday,RT @CurlyHeadJackyy: Bitch Apple owe all of us a new phone period. RUN US OUR SHIT @apple,"@Apple stop fucking up my phone and internet, or send me some new shit. 🤷🏽‍♀️",I just love staring at my phone and watching it quickly die. Great feature @Apple,RT @CurlyHeadJackyy: Bitch Apple owe all of us a new phone period. RUN US OUR SHIT @apple,You can see the @apple #iPhoneX Face ID dot pattern using the @nest cam in infrared night mode. https://t.co/0nxY7Y6Kov,@Apple Please take notes.  https://t.co/AFfe1tRzHq,@Apple plz respond. https://t.co/35hnCyWRKw,@Pontifex @googleresearch @googledevs @Microsoft @facebook @amazon @firefox @Twitter @Adobe @Yahoo @Apple @opera… https://t.co/yvvNcFEXoL,.@apple .@applesupport #iOSBackupSuggestion Have iTunes encrypted backup actually back up EVERYTHING. I've literall… https://t.co/eAsbM3WJk3,"I’ve made a lot of mistakes in my life, BIG ones too, but none bigger than downloading the new @Apple macOS High Sierra. 🤦🏽‍♂️",@Apple if my phone crash again . Im suing and want a free iPhone X,RT @CurlyHeadJackyy: Bitch Apple owe all of us a new phone period. RUN US OUR SHIT @apple,RT @CurlyHeadJackyy: Bitch Apple owe all of us a new phone period. RUN US OUR SHIT @apple,Fucking sick of my phone crashing &amp; keep having to hard reset. Sort your shit out @Apple 👊🏼,@Apple WHY DOES MY MUSIC KEEP STOPPING?,RT @CurlyHeadJackyy: Bitch Apple owe all of us a new phone period. RUN US OUR SHIT @apple,No but seriously @apple since I updated my phone it’s been wildin I can’t even create new text threads... I have to… https://t.co/jusAmT64Pa,RT @CurlyHeadJackyy: Bitch Apple owe all of us a new phone period. RUN US OUR SHIT @apple,RT @CurlyHeadJackyy: Bitch Apple owe all of us a new phone period. RUN US OUR SHIT @apple,"The #AppleWatch Can Accurately Detect #Hypertension and #SleepApnea https://t.co/ghBM4XNM0l
#eHealth @Apple #UCSF… https://t.co/j8cUKi38y0","RT @BourseetTrading: The Future of #AI is BigTechs

"" What @Amazon, @Apple, @Google, @GeneralElectric , @IBM, @Microsoft And Others Are Wor…",RT @CurlyHeadJackyy: Bitch Apple owe all of us a new phone period. RUN US OUR SHIT @apple,@young_barney @Apple I’m cool with that. I just want an iPhone X plus haha. I’m so used to my 6s+,RT @CurlyHeadJackyy: Bitch Apple owe all of us a new phone period. RUN US OUR SHIT @apple,"Yo , @Apple really gave us an “I” emoji since the one on the keyboard kept glitching 😂😂 https://t.co/p4y014w44y",RT @CurlyHeadJackyy: Bitch Apple owe all of us a new phone period. RUN US OUR SHIT @apple,"RT @midgettvaeh: @CurlyHeadJackyy @Apple the minute they announce the release of another phone shit wann start tripping, apps crashing and…",RT @CurlyHeadJackyy: Bitch Apple owe all of us a new phone period. RUN US OUR SHIT @apple,"RT @BourseetTrading: The Future of #AI is BigTechs

"" What @Amazon, @Apple, @Google, @GeneralElectric , @IBM, @Microsoft And Others Are Wor…",RT @CurlyHeadJackyy: Bitch Apple owe all of us a new phone period. RUN US OUR SHIT @apple,RT @CurlyHeadJackyy: Bitch Apple owe all of us a new phone period. RUN US OUR SHIT @apple,"@Kyle_Molock22 @Apple Check the new update, just came out this week",RT @CurlyHeadJackyy: Bitch Apple owe all of us a new phone period. RUN US OUR SHIT @apple,"@google is not playing y’all. They’ve managed to ease their way back in good standing with @Apple and @mozilla. 

I… https://t.co/UHWCMpCHoN",@Apple y’all wilding,@VisualFlo @Apple @SamsungUS Lmfao it’s okay. Idk I might look into it tbh.,RT @CurlyHeadJackyy: Bitch Apple owe all of us a new phone period. RUN US OUR SHIT @apple,@apple I want nothing more than to be able to leave a video message when someone doesn’t answer a FaceTime call. Please work on this.,@SeptembersSong9 @Apple @Google I usually use apple support twitter account. They seem to respond fairly fast.,RT @CurlyHeadJackyy: Bitch Apple owe all of us a new phone period. RUN US OUR SHIT @apple,"RT @BourseetTrading: The Future of #AI is BigTechs

"" What @Amazon, @Apple, @Google, @GeneralElectric , @IBM, @Microsoft And Others Are Wor…",@Apple everyone of your new updates has done nothing but bug my phone more and more everytime😑,RT @CurlyHeadJackyy: Bitch Apple owe all of us a new phone period. RUN US OUR SHIT @apple,"@NikeSupport @apple watch series 2. 
All my apps are up to date
Some of the runs were with just my watch. 
Some of… https://t.co/mGGnFn9lJf",RT @midgettvaeh: @Sarahh_Eileen @CurlyHeadJackyy @Apple right.. i had a 5s before i got my 8 and it worked perfectly fine for 3 years until…,"All those nerds at @Apple and they haven’t figured out  how to fix the glitch with the letters yet? 

Not buying it… https://t.co/v8W6miAYFC","RT @BourseetTrading: The Future of #AI is BigTechs

"" What @Amazon, @Apple, @Google, @GeneralElectric , @IBM, @Microsoft And Others Are Wor…",RT @CurlyHeadJackyy: Bitch Apple owe all of us a new phone period. RUN US OUR SHIT @apple,RT @CurlyHeadJackyy: Bitch Apple owe all of us a new phone period. RUN US OUR SHIT @apple,RT @CurlyHeadJackyy: Bitch Apple owe all of us a new phone period. RUN US OUR SHIT @apple,Trying to activate iPhone X active on carrier side but “network clash with Verizon” is a “known Issue” and I need t… https://t.co/zMRe49ohpc,RT @CurlyHeadJackyy: Bitch Apple owe all of us a new phone period. RUN US OUR SHIT @apple,"RT @Sarahh_Eileen: @midgettvaeh @CurlyHeadJackyy @Apple They just want to force people to buy their new phones, making them believe their c…",RT @CurlyHeadJackyy: Bitch Apple owe all of us a new phone period. RUN US OUR SHIT @apple,@ScoobyReynolds9 @Apple Just get the iPhone X,"RT @midgettvaeh: @CurlyHeadJackyy @Apple the minute they announce the release of another phone shit wann start tripping, apps crashing and…",phones dyin on 30% thnx @Apple x https://t.co/AA3GwYFDlE,Love how android is so customizable hint hint @Apple https://t.co/09idSekr3A,"RT @_youngdrizzle_: If my phone autocorrects ""ceviche"" to ""device"" or ""vehicle"" 1 more time, I'm going to duck you up @Apple","RT @BourseetTrading: The Future of #AI is BigTechs

"" What @Amazon, @Apple, @Google, @GeneralElectric , @IBM, @Microsoft And Others Are Wor…","If my phone autocorrects ""ceviche"" to ""device"" or ""vehicle"" 1 more time, I'm going to duck you up @Apple",Still patiently waiting for my @Apple iphone X to be shipped to @ATT please hurry. I'm very impatient 😂😂,@BobHatcher @shakamunyi @googlecloud @Apple @Google Want,"RT @BourseetTrading: The Future of #AI is BigTechs

"" What @Amazon, @Apple, @Google, @GeneralElectric , @IBM, @Microsoft And Others Are Wor…",@DailyCaller Communist China ranked worst digital oppressor in the world. @Apple must be awfully proud to help thei… https://t.co/0Fi3hqg4og,"RT @BourseetTrading: The Future of #AI is BigTechs

"" What @Amazon, @Apple, @Google, @GeneralElectric , @IBM, @Microsoft And Others Are Wor…",RT @CurlyHeadJackyy: Bitch Apple owe all of us a new phone period. RUN US OUR SHIT @apple,RT @CurlyHeadJackyy: Bitch Apple owe all of us a new phone period. RUN US OUR SHIT @apple,"RT @BourseetTrading: The Future of #AI is BigTechs

"" What @Amazon, @Apple, @Google, @GeneralElectric , @IBM, @Microsoft And Others Are Wor…",@Apple will release 3 new #iPhones next year — including a super-sized iPhone X https://t.co/elU4Avkq6g via… https://t.co/iyHWiBguYT,RT @CurlyHeadJackyy: Bitch Apple owe all of us a new phone period. RUN US OUR SHIT @apple,RT @CurlyHeadJackyy: Bitch Apple owe all of us a new phone period. RUN US OUR SHIT @apple,RT @CurlyHeadJackyy: Bitch Apple owe all of us a new phone period. RUN US OUR SHIT @apple,RT @CurlyHeadJackyy: Bitch Apple owe all of us a new phone period. RUN US OUR SHIT @apple,"RT @Randomexe: Unreal moment today, hosted a photo lab with @Apple 😭 Thank you to everyone that came through and hope you all learnt loads…"
