RT @EAStarWars: RT for a chance to win a Star Wars Jedi Order @NVIDIA TITAN Xp Collector’s Edition GPU. #EATitanJediSweepstakes #StarWarsBa…,@joemccann @Apple @Google @facebook @amazon @Oracle @IBM @Uber @Yahoo @intel @emc @eBay @SpaceX @VMware @ATT @Tesla… https://t.co/bMH1gBLoUz,"RT @surface: The best graphics performance ever with @nvidia GeForce GPUs, in the new #SurfaceBook2. #GameOn https://t.co/2XtTs1bqPY","RT @EAStarWars: RT for a chance to win a Star Wars Galactic Empire @NVIDIA TITAN Xp Collector’s Edition GPU. 
#EATitanEmpireSweepstakes #St…",RT @EAStarWars: RT for a chance to win a Star Wars Jedi Order @NVIDIA TITAN Xp Collector’s Edition GPU. #EATitanJediSweepstakes #StarWarsBa…,"RT @EAStarWars: RT for a chance to win a Star Wars Galactic Empire @NVIDIA TITAN Xp Collector’s Edition GPU. 
#EATitanEmpireSweepstakes #St…","RT @EAStarWars: RT for a chance to win a Star Wars Galactic Empire @NVIDIA TITAN Xp Collector’s Edition GPU. 
#EATitanEmpireSweepstakes #St…",RT @EAStarWars: RT for a chance to win a Star Wars Jedi Order @NVIDIA TITAN Xp Collector’s Edition GPU. #EATitanJediSweepstakes #StarWarsBa…,RT @EAStarWars: RT for a chance to win a Star Wars Jedi Order @NVIDIA TITAN Xp Collector’s Edition GPU. #EATitanJediSweepstakes #StarWarsBa…,"RT @EAStarWars: RT for a chance to win a Star Wars Galactic Empire @NVIDIA TITAN Xp Collector’s Edition GPU. 
#EATitanEmpireSweepstakes #St…","RT @EAStarWars: RT for a chance to win a Star Wars Galactic Empire @NVIDIA TITAN Xp Collector’s Edition GPU. 
#EATitanEmpireSweepstakes #St…",RT @EAStarWars: RT for a chance to win a Star Wars Jedi Order @NVIDIA TITAN Xp Collector’s Edition GPU. #EATitanJediSweepstakes #StarWarsBa…,RT @EAStarWars: RT for a chance to win a Star Wars Jedi Order @NVIDIA TITAN Xp Collector’s Edition GPU. #EATitanJediSweepstakes #StarWarsBa…,RT @EAStarWars: RT for a chance to win a Star Wars Jedi Order @NVIDIA TITAN Xp Collector’s Edition GPU. #EATitanJediSweepstakes #StarWarsBa…,RT @EAStarWars: RT for a chance to win a Star Wars Jedi Order @NVIDIA TITAN Xp Collector’s Edition GPU. #EATitanJediSweepstakes #StarWarsBa…,"RT @EAStarWars: RT for a chance to win a Star Wars Galactic Empire @NVIDIA TITAN Xp Collector’s Edition GPU. 
#EATitanEmpireSweepstakes #St…","RT @EAStarWars: RT for a chance to win a Star Wars Galactic Empire @NVIDIA TITAN Xp Collector’s Edition GPU. 
#EATitanEmpireSweepstakes #St…",RT @EAStarWars: RT for a chance to win a Star Wars Jedi Order @NVIDIA TITAN Xp Collector’s Edition GPU. #EATitanJediSweepstakes #StarWarsBa…,"RT @EAStarWars: RT for a chance to win a Star Wars Galactic Empire @NVIDIA TITAN Xp Collector’s Edition GPU. 
#EATitanEmpireSweepstakes #St…",RT @EAStarWars: RT for a chance to win a Star Wars Jedi Order @NVIDIA TITAN Xp Collector’s Edition GPU. #EATitanJediSweepstakes #StarWarsBa…,@joemccann @Apple @Google @facebook @amazon @Oracle @IBM @Uber @Yahoo @intel @emc @eBay @SpaceX @VMware @ATT @Tesla… https://t.co/gTYocZHJq2,RT @EAStarWars: RT for a chance to win a Star Wars Jedi Order @NVIDIA TITAN Xp Collector’s Edition GPU. #EATitanJediSweepstakes #StarWarsBa…,RT @EAStarWars: RT for a chance to win a Star Wars Jedi Order @NVIDIA TITAN Xp Collector’s Edition GPU. #EATitanJediSweepstakes #StarWarsBa…,"RT @EAStarWars: RT for a chance to win a Star Wars Galactic Empire @NVIDIA TITAN Xp Collector’s Edition GPU. 
#EATitanEmpireSweepstakes #St…","RT @EAStarWars: RT for a chance to win a Star Wars Galactic Empire @NVIDIA TITAN Xp Collector’s Edition GPU. 
#EATitanEmpireSweepstakes #St…","RT @EAStarWars: RT for a chance to win a Star Wars Galactic Empire @NVIDIA TITAN Xp Collector’s Edition GPU. 
#EATitanEmpireSweepstakes #St…","RT @EAStarWars: RT for a chance to win a Star Wars Galactic Empire @NVIDIA TITAN Xp Collector’s Edition GPU. 
#EATitanEmpireSweepstakes #St…","RT @EAStarWars: RT for a chance to win a Star Wars Galactic Empire @NVIDIA TITAN Xp Collector’s Edition GPU. 
#EATitanEmpireSweepstakes #St…",RT @EAStarWars: RT for a chance to win a Star Wars Jedi Order @NVIDIA TITAN Xp Collector’s Edition GPU. #EATitanJediSweepstakes #StarWarsBa…,"RT @EAStarWars: RT for a chance to win a Star Wars Galactic Empire @NVIDIA TITAN Xp Collector’s Edition GPU. 
#EATitanEmpireSweepstakes #St…","RT @EAStarWars: RT for a chance to win a Star Wars Galactic Empire @NVIDIA TITAN Xp Collector’s Edition GPU. 
#EATitanEmpireSweepstakes #St…","RT @Twisted_Hive: @LandoComando01 @NZXT @ASUS @ASUS_ROG @intel @nvidia especialy when its dark ! :D 
#gamedev #indiedev #twitch #PCMasterRa…",RT @EAStarWars: RT for a chance to win a Star Wars Jedi Order @NVIDIA TITAN Xp Collector’s Edition GPU. #EATitanJediSweepstakes #StarWarsBa…,"RT @EAStarWars: RT for a chance to win a Star Wars Galactic Empire @NVIDIA TITAN Xp Collector’s Edition GPU. 
#EATitanEmpireSweepstakes #St…","RT @EAStarWars: RT for a chance to win a Star Wars Galactic Empire @NVIDIA TITAN Xp Collector’s Edition GPU. 
#EATitanEmpireSweepstakes #St…","@EAStarWars @nvidia This would be super dope!
Best of the BEST GPU on the market, and even has a Star Wars theme!",RT @EAStarWars: RT for a chance to win a Star Wars Jedi Order @NVIDIA TITAN Xp Collector’s Edition GPU. #EATitanJediSweepstakes #StarWarsBa…,RT @EAStarWars: RT for a chance to win a Star Wars Jedi Order @NVIDIA TITAN Xp Collector’s Edition GPU. #EATitanJediSweepstakes #StarWarsBa…,"RT @EAStarWars: RT for a chance to win a Star Wars Galactic Empire @NVIDIA TITAN Xp Collector’s Edition GPU. 
#EATitanEmpireSweepstakes #St…",RT @EAStarWars: RT for a chance to win a Star Wars Jedi Order @NVIDIA TITAN Xp Collector’s Edition GPU. #EATitanJediSweepstakes #StarWarsBa…,"RT @EAStarWars: RT for a chance to win a Star Wars Galactic Empire @NVIDIA TITAN Xp Collector’s Edition GPU. 
#EATitanEmpireSweepstakes #St…","RT @EAStarWars: RT for a chance to win a Star Wars Galactic Empire @NVIDIA TITAN Xp Collector’s Edition GPU. 
#EATitanEmpireSweepstakes #St…",RT @EAStarWars: RT for a chance to win a Star Wars Jedi Order @NVIDIA TITAN Xp Collector’s Edition GPU. #EATitanJediSweepstakes #StarWarsBa…,@nvidia After the second time this happened I gave up. I will be requesting a refund instead.,"RT @EAStarWars: RT for a chance to win a Star Wars Galactic Empire @NVIDIA TITAN Xp Collector’s Edition GPU. 
#EATitanEmpireSweepstakes #St…",RT @EAStarWars: RT for a chance to win a Star Wars Jedi Order @NVIDIA TITAN Xp Collector’s Edition GPU. #EATitanJediSweepstakes #StarWarsBa…,"RT @EAStarWars: RT for a chance to win a Star Wars Galactic Empire @NVIDIA TITAN Xp Collector’s Edition GPU. 
#EATitanEmpireSweepstakes #St…",RT @EAStarWars: RT for a chance to win a Star Wars Jedi Order @NVIDIA TITAN Xp Collector’s Edition GPU. #EATitanJediSweepstakes #StarWarsBa…,RT @vvpreetham: AMAZED. Moved from expensive  MacBook to a MSI Gaming laptop for #DeepLearning #AI. Yo @nvidia I am impressed with GTX1070…,RT @vvpreetham: AMAZED. Moved from expensive  MacBook to a MSI Gaming laptop for #DeepLearning #AI. Yo @nvidia I am impressed with GTX1070…,RT @vvpreetham: AMAZED. Moved from expensive  MacBook to a MSI Gaming laptop for #DeepLearning #AI. Yo @nvidia I am impressed with GTX1070…,"RT @Twisted_Hive: @LandoComando01 @NZXT @ASUS @ASUS_ROG @intel @nvidia especialy when its dark ! :D 
#gamedev #indiedev #twitch #PCMasterRa…",Pretty sure the time estimate in @nvidia's chat support tool is fake. It just counted all the way down to 0 and then started over.,"RT @Twisted_Hive: @LandoComando01 @NZXT @ASUS @ASUS_ROG @intel @nvidia especialy when its dark ! :D 
#gamedev #indiedev #twitch #PCMasterRa…",RT @EAStarWars: RT for a chance to win a Star Wars Jedi Order @NVIDIA TITAN Xp Collector’s Edition GPU. #EATitanJediSweepstakes #StarWarsBa…,RT @EAStarWars: RT for a chance to win a Star Wars Jedi Order @NVIDIA TITAN Xp Collector’s Edition GPU. #EATitanJediSweepstakes #StarWarsBa…,RT @EAStarWars: RT for a chance to win a Star Wars Jedi Order @NVIDIA TITAN Xp Collector’s Edition GPU. #EATitanJediSweepstakes #StarWarsBa…,"RT @EAStarWars: RT for a chance to win a Star Wars Galactic Empire @NVIDIA TITAN Xp Collector’s Edition GPU. 
#EATitanEmpireSweepstakes #St…",RT @EAStarWars: RT for a chance to win a Star Wars Jedi Order @NVIDIA TITAN Xp Collector’s Edition GPU. #EATitanJediSweepstakes #StarWarsBa…,"PSA: If you are trying to record the highlights from @PUBATTLEGROUNDS with @nvidia ShadowPlay, DISABLE, hardware ac… https://t.co/Ip6jeY6oom","RT @EAStarWars: RT for a chance to win a Star Wars Galactic Empire @NVIDIA TITAN Xp Collector’s Edition GPU. 
#EATitanEmpireSweepstakes #St…",@EAStarWars @Adderexia @nvidia @EAStarWars My American BFF needs this in his life!,RT @EAStarWars: RT for a chance to win a Star Wars Jedi Order @NVIDIA TITAN Xp Collector’s Edition GPU. #EATitanJediSweepstakes #StarWarsBa…,"RT @EAStarWars: RT for a chance to win a Star Wars Galactic Empire @NVIDIA TITAN Xp Collector’s Edition GPU. 
#EATitanEmpireSweepstakes #St…",RT @EAStarWars: RT for a chance to win a Star Wars Jedi Order @NVIDIA TITAN Xp Collector’s Edition GPU. #EATitanJediSweepstakes #StarWarsBa…,"RT @EAStarWars: RT for a chance to win a Star Wars Galactic Empire @NVIDIA TITAN Xp Collector’s Edition GPU. 
#EATitanEmpireSweepstakes #St…",RT @EAStarWars: RT for a chance to win a Star Wars Jedi Order @NVIDIA TITAN Xp Collector’s Edition GPU. #EATitanJediSweepstakes #StarWarsBa…,"RT @EAStarWars: RT for a chance to win a Star Wars Galactic Empire @NVIDIA TITAN Xp Collector’s Edition GPU. 
#EATitanEmpireSweepstakes #St…",RT @EAStarWars: RT for a chance to win a Star Wars Jedi Order @NVIDIA TITAN Xp Collector’s Edition GPU. #EATitanJediSweepstakes #StarWarsBa…,RT @EAStarWars: RT for a chance to win a Star Wars Jedi Order @NVIDIA TITAN Xp Collector’s Edition GPU. #EATitanJediSweepstakes #StarWarsBa…,"RT @EAStarWars: RT for a chance to win a Star Wars Galactic Empire @NVIDIA TITAN Xp Collector’s Edition GPU. 
#EATitanEmpireSweepstakes #St…",RT @EAStarWars: RT for a chance to win a Star Wars Jedi Order @NVIDIA TITAN Xp Collector’s Edition GPU. #EATitanJediSweepstakes #StarWarsBa…,"RT @EAStarWars: RT for a chance to win a Star Wars Galactic Empire @NVIDIA TITAN Xp Collector’s Edition GPU. 
#EATitanEmpireSweepstakes #St…",RT @EAStarWars: RT for a chance to win a Star Wars Jedi Order @NVIDIA TITAN Xp Collector’s Edition GPU. #EATitanJediSweepstakes #StarWarsBa…,RT @EAStarWars: RT for a chance to win a Star Wars Jedi Order @NVIDIA TITAN Xp Collector’s Edition GPU. #EATitanJediSweepstakes #StarWarsBa…,"RT @EAStarWars: RT for a chance to win a Star Wars Galactic Empire @NVIDIA TITAN Xp Collector’s Edition GPU. 
#EATitanEmpireSweepstakes #St…","RT @EAStarWars: RT for a chance to win a Star Wars Galactic Empire @NVIDIA TITAN Xp Collector’s Edition GPU. 
#EATitanEmpireSweepstakes #St…",RT @SAPLeonardo: Learn how companies are using @NVIDIA DGX and SAP Brand Impact to revamp media sponsorship ROI in real time. https://t.co/…,RT @EAStarWars: RT for a chance to win a Star Wars Jedi Order @NVIDIA TITAN Xp Collector’s Edition GPU. #EATitanJediSweepstakes #StarWarsBa…,RT @EAStarWars: RT for a chance to win a Star Wars Jedi Order @NVIDIA TITAN Xp Collector’s Edition GPU. #EATitanJediSweepstakes #StarWarsBa…,RT @EAStarWars: RT for a chance to win a Star Wars Jedi Order @NVIDIA TITAN Xp Collector’s Edition GPU. #EATitanJediSweepstakes #StarWarsBa…,RT @EAStarWars: RT for a chance to win a Star Wars Jedi Order @NVIDIA TITAN Xp Collector’s Edition GPU. #EATitanJediSweepstakes #StarWarsBa…,"RT @EAStarWars: RT for a chance to win a Star Wars Galactic Empire @NVIDIA TITAN Xp Collector’s Edition GPU. 
#EATitanEmpireSweepstakes #St…","RT @EAStarWars: RT for a chance to win a Star Wars Galactic Empire @NVIDIA TITAN Xp Collector’s Edition GPU. 
#EATitanEmpireSweepstakes #St…",RT @EAStarWars: RT for a chance to win a Star Wars Jedi Order @NVIDIA TITAN Xp Collector’s Edition GPU. #EATitanJediSweepstakes #StarWarsBa…,"RT @EAStarWars: RT for a chance to win a Star Wars Galactic Empire @NVIDIA TITAN Xp Collector’s Edition GPU. 
#EATitanEmpireSweepstakes #St…",RT @EAStarWars: RT for a chance to win a Star Wars Jedi Order @NVIDIA TITAN Xp Collector’s Edition GPU. #EATitanJediSweepstakes #StarWarsBa…,"RT @EAStarWars: RT for a chance to win a Star Wars Galactic Empire @NVIDIA TITAN Xp Collector’s Edition GPU. 
#EATitanEmpireSweepstakes #St…",RT @EAStarWars: RT for a chance to win a Star Wars Jedi Order @NVIDIA TITAN Xp Collector’s Edition GPU. #EATitanJediSweepstakes #StarWarsBa…,Story on @FortuneMagazine 2017 CEO of the year - @nvidia‘s Jensen Huang and his vision for the future of #AI.  “the… https://t.co/PEPk9tFFB2,"RT @EAStarWars: RT for a chance to win a Star Wars Galactic Empire @NVIDIA TITAN Xp Collector’s Edition GPU. 
#EATitanEmpireSweepstakes #St…","RT @surface: The best graphics performance ever with @nvidia GeForce GPUs, in the new #SurfaceBook2. #GameOn https://t.co/2XtTs1bqPY","RT @EAStarWars: RT for a chance to win a Star Wars Galactic Empire @NVIDIA TITAN Xp Collector’s Edition GPU. 
#EATitanEmpireSweepstakes #St…",RT @EAStarWars: RT for a chance to win a Star Wars Jedi Order @NVIDIA TITAN Xp Collector’s Edition GPU. #EATitanJediSweepstakes #StarWarsBa…,RT @EAStarWars: RT for a chance to win a Star Wars Jedi Order @NVIDIA TITAN Xp Collector’s Edition GPU. #EATitanJediSweepstakes #StarWarsBa…,RT @EAStarWars: RT for a chance to win a Star Wars Jedi Order @NVIDIA TITAN Xp Collector’s Edition GPU. #EATitanJediSweepstakes #StarWarsBa…,"RT @EAStarWars: RT for a chance to win a Star Wars Galactic Empire @NVIDIA TITAN Xp Collector’s Edition GPU. 
#EATitanEmpireSweepstakes #St…","RT @EAStarWars: RT for a chance to win a Star Wars Galactic Empire @NVIDIA TITAN Xp Collector’s Edition GPU. 
#EATitanEmpireSweepstakes #St…",RT @EAStarWars: RT for a chance to win a Star Wars Jedi Order @NVIDIA TITAN Xp Collector’s Edition GPU. #EATitanJediSweepstakes #StarWarsBa…,"RT @EAStarWars: RT for a chance to win a Star Wars Galactic Empire @NVIDIA TITAN Xp Collector’s Edition GPU. 
#EATitanEmpireSweepstakes #St…",RT @EAStarWars: RT for a chance to win a Star Wars Jedi Order @NVIDIA TITAN Xp Collector’s Edition GPU. #EATitanJediSweepstakes #StarWarsBa…,RT @EAStarWars: RT for a chance to win a Star Wars Jedi Order @NVIDIA TITAN Xp Collector’s Edition GPU. #EATitanJediSweepstakes #StarWarsBa…,"RT @EAStarWars: RT for a chance to win a Star Wars Galactic Empire @NVIDIA TITAN Xp Collector’s Edition GPU. 
#EATitanEmpireSweepstakes #St…",@Achrillex @surface @nvidia Easily. The GTX 1060 has hardware encoding capabilities made specifically for that purpose.,"RT @EAStarWars: RT for a chance to win a Star Wars Galactic Empire @NVIDIA TITAN Xp Collector’s Edition GPU. 
#EATitanEmpireSweepstakes #St…","RT @EAStarWars: RT for a chance to win a Star Wars Galactic Empire @NVIDIA TITAN Xp Collector’s Edition GPU. 
#EATitanEmpireSweepstakes #St…",RT @EAStarWars: RT for a chance to win a Star Wars Jedi Order @NVIDIA TITAN Xp Collector’s Edition GPU. #EATitanJediSweepstakes #StarWarsBa…,RT @EAStarWars: RT for a chance to win a Star Wars Jedi Order @NVIDIA TITAN Xp Collector’s Edition GPU. #EATitanJediSweepstakes #StarWarsBa…,"RT @EAStarWars: RT for a chance to win a Star Wars Galactic Empire @NVIDIA TITAN Xp Collector’s Edition GPU. 
#EATitanEmpireSweepstakes #St…","RT @EAStarWars: RT for a chance to win a Star Wars Galactic Empire @NVIDIA TITAN Xp Collector’s Edition GPU. 
#EATitanEmpireSweepstakes #St…","RT @EAStarWars: RT for a chance to win a Star Wars Galactic Empire @NVIDIA TITAN Xp Collector’s Edition GPU. 
#EATitanEmpireSweepstakes #St…",@EAStarWars @nvidia Why not international? I want one,"RT @EAStarWars: RT for a chance to win a Star Wars Galactic Empire @NVIDIA TITAN Xp Collector’s Edition GPU. 
#EATitanEmpireSweepstakes #St…",RT @EAStarWars: RT for a chance to win a Star Wars Jedi Order @NVIDIA TITAN Xp Collector’s Edition GPU. #EATitanJediSweepstakes #StarWarsBa…,"RT @EAStarWars: RT for a chance to win a Star Wars Galactic Empire @NVIDIA TITAN Xp Collector’s Edition GPU. 
#EATitanEmpireSweepstakes #St…",RT @EAStarWars: RT for a chance to win a Star Wars Jedi Order @NVIDIA TITAN Xp Collector’s Edition GPU. #EATitanJediSweepstakes #StarWarsBa…,RT @EAStarWars: RT for a chance to win a Star Wars Jedi Order @NVIDIA TITAN Xp Collector’s Edition GPU. #EATitanJediSweepstakes #StarWarsBa…,"RT @EAStarWars: RT for a chance to win a Star Wars Galactic Empire @NVIDIA TITAN Xp Collector’s Edition GPU. 
#EATitanEmpireSweepstakes #St…","RT @EAStarWars: RT for a chance to win a Star Wars Galactic Empire @NVIDIA TITAN Xp Collector’s Edition GPU. 
#EATitanEmpireSweepstakes #St…",RT @EAStarWars: RT for a chance to win a Star Wars Jedi Order @NVIDIA TITAN Xp Collector’s Edition GPU. #EATitanJediSweepstakes #StarWarsBa…,"RT @EAStarWars: RT for a chance to win a Star Wars Galactic Empire @NVIDIA TITAN Xp Collector’s Edition GPU. 
#EATitanEmpireSweepstakes #St…",RT @EAStarWars: RT for a chance to win a Star Wars Jedi Order @NVIDIA TITAN Xp Collector’s Edition GPU. #EATitanJediSweepstakes #StarWarsBa…,RT @olgv: Best thing in #VR is giving a hi 5 to someone on the other side of the globe... using @nvidia #holodeck . #socialvr is a must. #s…,RT @EAStarWars: RT for a chance to win a Star Wars Jedi Order @NVIDIA TITAN Xp Collector’s Edition GPU. #EATitanJediSweepstakes #StarWarsBa…,RT @EAStarWars: RT for a chance to win a Star Wars Jedi Order @NVIDIA TITAN Xp Collector’s Edition GPU. #EATitanJediSweepstakes #StarWarsBa…,"RT @EAStarWars: RT for a chance to win a Star Wars Galactic Empire @NVIDIA TITAN Xp Collector’s Edition GPU. 
#EATitanEmpireSweepstakes #St…",RT @EAStarWars: RT for a chance to win a Star Wars Jedi Order @NVIDIA TITAN Xp Collector’s Edition GPU. #EATitanJediSweepstakes #StarWarsBa…,RT @EAStarWars: RT for a chance to win a Star Wars Jedi Order @NVIDIA TITAN Xp Collector’s Edition GPU. #EATitanJediSweepstakes #StarWarsBa…,RT @EAStarWars: RT for a chance to win a Star Wars Jedi Order @NVIDIA TITAN Xp Collector’s Edition GPU. #EATitanJediSweepstakes #StarWarsBa…,"RT @EAStarWars: RT for a chance to win a Star Wars Galactic Empire @NVIDIA TITAN Xp Collector’s Edition GPU. 
#EATitanEmpireSweepstakes #St…",RT @EAStarWars: RT for a chance to win a Star Wars Jedi Order @NVIDIA TITAN Xp Collector’s Edition GPU. #EATitanJediSweepstakes #StarWarsBa…,RT @RoarAshley: @EAStarWars @nvidia Don't forget me! RT'ed! #EATitanJediSweepstakes #StarWarsBattlefrontII,"RT @EAStarWars: RT for a chance to win a Star Wars Galactic Empire @NVIDIA TITAN Xp Collector’s Edition GPU. 
#EATitanEmpireSweepstakes #St…",RT @EAStarWars: RT for a chance to win a Star Wars Jedi Order @NVIDIA TITAN Xp Collector’s Edition GPU. #EATitanJediSweepstakes #StarWarsBa…,"RT @EAStarWars: RT for a chance to win a Star Wars Galactic Empire @NVIDIA TITAN Xp Collector’s Edition GPU. 
#EATitanEmpireSweepstakes #St…",RT @EAStarWars: RT for a chance to win a Star Wars Jedi Order @NVIDIA TITAN Xp Collector’s Edition GPU. #EATitanJediSweepstakes #StarWarsBa…,"RT @EAStarWars: RT for a chance to win a Star Wars Galactic Empire @NVIDIA TITAN Xp Collector’s Edition GPU. 
#EATitanEmpireSweepstakes #St…","RT @EAStarWars: RT for a chance to win a Star Wars Galactic Empire @NVIDIA TITAN Xp Collector’s Edition GPU. 
#EATitanEmpireSweepstakes #St…",RT @EAStarWars: RT for a chance to win a Star Wars Jedi Order @NVIDIA TITAN Xp Collector’s Edition GPU. #EATitanJediSweepstakes #StarWarsBa…,"RT @LyftLevel5: .@KOTRA_SV Thanks for inviting @LiaTheoPisa to speak on your mobility panel alongside @DeepMindAI, @nvidia, Oculii Corp, an…","RT @EAStarWars: RT for a chance to win a Star Wars Galactic Empire @NVIDIA TITAN Xp Collector’s Edition GPU. 
#EATitanEmpireSweepstakes #St…",RT @EAStarWars: RT for a chance to win a Star Wars Jedi Order @NVIDIA TITAN Xp Collector’s Edition GPU. #EATitanJediSweepstakes #StarWarsBa…,"RT @EAStarWars: RT for a chance to win a Star Wars Galactic Empire @NVIDIA TITAN Xp Collector’s Edition GPU. 
#EATitanEmpireSweepstakes #St…",RT @EAStarWars: RT for a chance to win a Star Wars Jedi Order @NVIDIA TITAN Xp Collector’s Edition GPU. #EATitanJediSweepstakes #StarWarsBa…,RT @EAStarWars: RT for a chance to win a Star Wars Jedi Order @NVIDIA TITAN Xp Collector’s Edition GPU. #EATitanJediSweepstakes #StarWarsBa…,RT @EAStarWars: RT for a chance to win a Star Wars Jedi Order @NVIDIA TITAN Xp Collector’s Edition GPU. #EATitanJediSweepstakes #StarWarsBa…,@EAStarWars @nvidia Yes please!,RT @EAStarWars: RT for a chance to win a Star Wars Jedi Order @NVIDIA TITAN Xp Collector’s Edition GPU. #EATitanJediSweepstakes #StarWarsBa…,"RT @EAStarWars: RT for a chance to win a Star Wars Galactic Empire @NVIDIA TITAN Xp Collector’s Edition GPU. 
#EATitanEmpireSweepstakes #St…",RT @EAStarWars: RT for a chance to win a Star Wars Jedi Order @NVIDIA TITAN Xp Collector’s Edition GPU. #EATitanJediSweepstakes #StarWarsBa…,"RT @EAStarWars: RT for a chance to win a Star Wars Galactic Empire @NVIDIA TITAN Xp Collector’s Edition GPU. 
#EATitanEmpireSweepstakes #St…","RT @EAStarWars: RT for a chance to win a Star Wars Galactic Empire @NVIDIA TITAN Xp Collector’s Edition GPU. 
#EATitanEmpireSweepstakes #St…",@ValaAfshar @Apple @Google @facebook @amazon @Oracle @IBM @Uber @Yahoo @intel @YouTube @emc @eBay @SpaceX @VMware… https://t.co/kWUiUQF6PB,"@nvidia @FortuneMagazine #CoolestTechCEO Please sell Jensen Jackets on @amazon (black leather, brilliant, visionary… https://t.co/CBVdqdYYyt","RT @EAStarWars: RT for a chance to win a Star Wars Galactic Empire @NVIDIA TITAN Xp Collector’s Edition GPU. 
#EATitanEmpireSweepstakes #St…",RT @EAStarWars: RT for a chance to win a Star Wars Jedi Order @NVIDIA TITAN Xp Collector’s Edition GPU. #EATitanJediSweepstakes #StarWarsBa…,"RT @EAStarWars: RT for a chance to win a Star Wars Galactic Empire @NVIDIA TITAN Xp Collector’s Edition GPU. 
#EATitanEmpireSweepstakes #St…",RT @EAStarWars: RT for a chance to win a Star Wars Jedi Order @NVIDIA TITAN Xp Collector’s Edition GPU. #EATitanJediSweepstakes #StarWarsBa…,RT @EAStarWars: RT for a chance to win a Star Wars Jedi Order @NVIDIA TITAN Xp Collector’s Edition GPU. #EATitanJediSweepstakes #StarWarsBa…,"RT @EAStarWars: RT for a chance to win a Star Wars Galactic Empire @NVIDIA TITAN Xp Collector’s Edition GPU. 
#EATitanEmpireSweepstakes #St…","RT @EAStarWars: RT for a chance to win a Star Wars Galactic Empire @NVIDIA TITAN Xp Collector’s Edition GPU. 
#EATitanEmpireSweepstakes #St…",RT @EAStarWars: RT for a chance to win a Star Wars Jedi Order @NVIDIA TITAN Xp Collector’s Edition GPU. #EATitanJediSweepstakes #StarWarsBa…,"RT @EAStarWars: RT for a chance to win a Star Wars Galactic Empire @NVIDIA TITAN Xp Collector’s Edition GPU. 
#EATitanEmpireSweepstakes #St…","RT @EAStarWars: RT for a chance to win a Star Wars Galactic Empire @NVIDIA TITAN Xp Collector’s Edition GPU. 
#EATitanEmpireSweepstakes #St…",RT @EAStarWars: RT for a chance to win a Star Wars Jedi Order @NVIDIA TITAN Xp Collector’s Edition GPU. #EATitanJediSweepstakes #StarWarsBa…,RT @EAStarWars: RT for a chance to win a Star Wars Jedi Order @NVIDIA TITAN Xp Collector’s Edition GPU. #EATitanJediSweepstakes #StarWarsBa…,"RT @EAStarWars: RT for a chance to win a Star Wars Galactic Empire @NVIDIA TITAN Xp Collector’s Edition GPU. 
#EATitanEmpireSweepstakes #St…","RT @EAStarWars: RT for a chance to win a Star Wars Galactic Empire @NVIDIA TITAN Xp Collector’s Edition GPU. 
#EATitanEmpireSweepstakes #St…","""This man is, quite simply, brilliant."" - @jimcramer on @NVIDIA CEO Jensen Huang. https://t.co/NBMOtuERZK","RT @EAStarWars: RT for a chance to win a Star Wars Galactic Empire @NVIDIA TITAN Xp Collector’s Edition GPU. 
#EATitanEmpireSweepstakes #St…",RT @EAStarWars: RT for a chance to win a Star Wars Jedi Order @NVIDIA TITAN Xp Collector’s Edition GPU. #EATitanJediSweepstakes #StarWarsBa…,RT @EAStarWars: RT for a chance to win a Star Wars Jedi Order @NVIDIA TITAN Xp Collector’s Edition GPU. #EATitanJediSweepstakes #StarWarsBa…,"RT @EAStarWars: RT for a chance to win a Star Wars Galactic Empire @NVIDIA TITAN Xp Collector’s Edition GPU. 
#EATitanEmpireSweepstakes #St…",RT @EAStarWars: RT for a chance to win a Star Wars Jedi Order @NVIDIA TITAN Xp Collector’s Edition GPU. #EATitanJediSweepstakes #StarWarsBa…,"RT @EAStarWars: RT for a chance to win a Star Wars Galactic Empire @NVIDIA TITAN Xp Collector’s Edition GPU. 
#EATitanEmpireSweepstakes #St…",RT @EAStarWars: RT for a chance to win a Star Wars Jedi Order @NVIDIA TITAN Xp Collector’s Edition GPU. #EATitanJediSweepstakes #StarWarsBa…,"RT @EAStarWars: RT for a chance to win a Star Wars Galactic Empire @NVIDIA TITAN Xp Collector’s Edition GPU. 
#EATitanEmpireSweepstakes #St…","RT @EAStarWars: RT for a chance to win a Star Wars Galactic Empire @NVIDIA TITAN Xp Collector’s Edition GPU. 
#EATitanEmpireSweepstakes #St…","RT @EAStarWars: RT for a chance to win a Star Wars Galactic Empire @NVIDIA TITAN Xp Collector’s Edition GPU. 
#EATitanEmpireSweepstakes #St…","RT @surface: The best graphics performance ever with @nvidia GeForce GPUs, in the new #SurfaceBook2. #GameOn https://t.co/2XtTs1bqPY",RT @EAStarWars: RT for a chance to win a Star Wars Jedi Order @NVIDIA TITAN Xp Collector’s Edition GPU. #EATitanJediSweepstakes #StarWarsBa…,"RT @EAStarWars: RT for a chance to win a Star Wars Galactic Empire @NVIDIA TITAN Xp Collector’s Edition GPU. 
#EATitanEmpireSweepstakes #St…","RT @EAStarWars: RT for a chance to win a Star Wars Galactic Empire @NVIDIA TITAN Xp Collector’s Edition GPU. 
#EATitanEmpireSweepstakes #St…","RT @EAStarWars: RT for a chance to win a Star Wars Galactic Empire @NVIDIA TITAN Xp Collector’s Edition GPU. 
#EATitanEmpireSweepstakes #St…","DO NOT INSTALL @nVidia @NVIDIAGeForce 388.31 Driver. CRASH Control Panel. 
Previous version, selecting the video task crashes",RT @EAStarWars: RT for a chance to win a Star Wars Jedi Order @NVIDIA TITAN Xp Collector’s Edition GPU. #EATitanJediSweepstakes #StarWarsBa…,RT @EAStarWars: RT for a chance to win a Star Wars Jedi Order @NVIDIA TITAN Xp Collector’s Edition GPU. #EATitanJediSweepstakes #StarWarsBa…,"RT @EAStarWars: RT for a chance to win a Star Wars Galactic Empire @NVIDIA TITAN Xp Collector’s Edition GPU. 
#EATitanEmpireSweepstakes #St…","RT @EAStarWars: RT for a chance to win a Star Wars Galactic Empire @NVIDIA TITAN Xp Collector’s Edition GPU. 
#EATitanEmpireSweepstakes #St…",RT @EAStarWars: RT for a chance to win a Star Wars Jedi Order @NVIDIA TITAN Xp Collector’s Edition GPU. #EATitanJediSweepstakes #StarWarsBa…,"RT @EAStarWars: RT for a chance to win a Star Wars Galactic Empire @NVIDIA TITAN Xp Collector’s Edition GPU. 
#EATitanEmpireSweepstakes #St…","RT @EAStarWars: RT for a chance to win a Star Wars Galactic Empire @NVIDIA TITAN Xp Collector’s Edition GPU. 
#EATitanEmpireSweepstakes #St…","RT @EAStarWars: RT for a chance to win a Star Wars Galactic Empire @NVIDIA TITAN Xp Collector’s Edition GPU. 
#EATitanEmpireSweepstakes #St…",RT @EAStarWars: RT for a chance to win a Star Wars Jedi Order @NVIDIA TITAN Xp Collector’s Edition GPU. #EATitanJediSweepstakes #StarWarsBa…,"RT @EAStarWars: RT for a chance to win a Star Wars Galactic Empire @NVIDIA TITAN Xp Collector’s Edition GPU. 
#EATitanEmpireSweepstakes #St…","RT @EAStarWars: RT for a chance to win a Star Wars Galactic Empire @NVIDIA TITAN Xp Collector’s Edition GPU. 
#EATitanEmpireSweepstakes #St…","RT @EAStarWars: RT for a chance to win a Star Wars Galactic Empire @NVIDIA TITAN Xp Collector’s Edition GPU. 
#EATitanEmpireSweepstakes #St…","RT @EAStarWars: RT for a chance to win a Star Wars Galactic Empire @NVIDIA TITAN Xp Collector’s Edition GPU. 
#EATitanEmpireSweepstakes #St…","RT @EAStarWars: RT for a chance to win a Star Wars Galactic Empire @NVIDIA TITAN Xp Collector’s Edition GPU. 
#EATitanEmpireSweepstakes #St…",RT @EAStarWars: RT for a chance to win a Star Wars Jedi Order @NVIDIA TITAN Xp Collector’s Edition GPU. #EATitanJediSweepstakes #StarWarsBa…,RT @EAStarWars: RT for a chance to win a Star Wars Jedi Order @NVIDIA TITAN Xp Collector’s Edition GPU. #EATitanJediSweepstakes #StarWarsBa…,RT @EAStarWars: RT for a chance to win a Star Wars Jedi Order @NVIDIA TITAN Xp Collector’s Edition GPU. #EATitanJediSweepstakes #StarWarsBa…,"RT @EAStarWars: RT for a chance to win a Star Wars Galactic Empire @NVIDIA TITAN Xp Collector’s Edition GPU. 
#EATitanEmpireSweepstakes #St…",RT @EAStarWars: RT for a chance to win a Star Wars Jedi Order @NVIDIA TITAN Xp Collector’s Edition GPU. #EATitanJediSweepstakes #StarWarsBa…,RT @EAStarWars: RT for a chance to win a Star Wars Jedi Order @NVIDIA TITAN Xp Collector’s Edition GPU. #EATitanJediSweepstakes #StarWarsBa…,"RT @EAStarWars: RT for a chance to win a Star Wars Galactic Empire @NVIDIA TITAN Xp Collector’s Edition GPU. 
#EATitanEmpireSweepstakes #St…",@EAStarWars @NVIDIAGeForce @nvidia This edition looks better and has got nvidiaable color :D,"RT @EAStarWars: RT for a chance to win a Star Wars Galactic Empire @NVIDIA TITAN Xp Collector’s Edition GPU. 
#EATitanEmpireSweepstakes #St…","RT @EAStarWars: RT for a chance to win a Star Wars Galactic Empire @NVIDIA TITAN Xp Collector’s Edition GPU. 
#EATitanEmpireSweepstakes #St…",RT @EAStarWars: RT for a chance to win a Star Wars Jedi Order @NVIDIA TITAN Xp Collector’s Edition GPU. #EATitanJediSweepstakes #StarWarsBa…,RT @EAStarWars: RT for a chance to win a Star Wars Jedi Order @NVIDIA TITAN Xp Collector’s Edition GPU. #EATitanJediSweepstakes #StarWarsBa…,"RT @EAStarWars: RT for a chance to win a Star Wars Galactic Empire @NVIDIA TITAN Xp Collector’s Edition GPU. 
#EATitanEmpireSweepstakes #St…","RT @EAStarWars: RT for a chance to win a Star Wars Galactic Empire @NVIDIA TITAN Xp Collector’s Edition GPU. 
#EATitanEmpireSweepstakes #St…",RT @EAStarWars: RT for a chance to win a Star Wars Jedi Order @NVIDIA TITAN Xp Collector’s Edition GPU. #EATitanJediSweepstakes #StarWarsBa…,RT @EAStarWars: RT for a chance to win a Star Wars Jedi Order @NVIDIA TITAN Xp Collector’s Edition GPU. #EATitanJediSweepstakes #StarWarsBa…,RT @EAStarWars: RT for a chance to win a Star Wars Jedi Order @NVIDIA TITAN Xp Collector’s Edition GPU. #EATitanJediSweepstakes #StarWarsBa…,RT @EAStarWars: RT for a chance to win a Star Wars Jedi Order @NVIDIA TITAN Xp Collector’s Edition GPU. #EATitanJediSweepstakes #StarWarsBa…,"RT @EAStarWars: RT for a chance to win a Star Wars Galactic Empire @NVIDIA TITAN Xp Collector’s Edition GPU. 
#EATitanEmpireSweepstakes #St…","RT @EAStarWars: RT for a chance to win a Star Wars Galactic Empire @NVIDIA TITAN Xp Collector’s Edition GPU. 
#EATitanEmpireSweepstakes #St…",RT @EAStarWars: RT for a chance to win a Star Wars Jedi Order @NVIDIA TITAN Xp Collector’s Edition GPU. #EATitanJediSweepstakes #StarWarsBa…,RT @EAStarWars: RT for a chance to win a Star Wars Jedi Order @NVIDIA TITAN Xp Collector’s Edition GPU. #EATitanJediSweepstakes #StarWarsBa…,"RT @EAStarWars: RT for a chance to win a Star Wars Galactic Empire @NVIDIA TITAN Xp Collector’s Edition GPU. 
#EATitanEmpireSweepstakes #St…",RT @EAStarWars: RT for a chance to win a Star Wars Jedi Order @NVIDIA TITAN Xp Collector’s Edition GPU. #EATitanJediSweepstakes #StarWarsBa…,"RT @EAStarWars: RT for a chance to win a Star Wars Galactic Empire @NVIDIA TITAN Xp Collector’s Edition GPU. 
#EATitanEmpireSweepstakes #St…",RT @EAStarWars: RT for a chance to win a Star Wars Jedi Order @NVIDIA TITAN Xp Collector’s Edition GPU. #EATitanJediSweepstakes #StarWarsBa…,RT @EAStarWars: RT for a chance to win a Star Wars Jedi Order @NVIDIA TITAN Xp Collector’s Edition GPU. #EATitanJediSweepstakes #StarWarsBa…,RT @EAStarWars: RT for a chance to win a Star Wars Jedi Order @NVIDIA TITAN Xp Collector’s Edition GPU. #EATitanJediSweepstakes #StarWarsBa…,"RT @EAStarWars: RT for a chance to win a Star Wars Galactic Empire @NVIDIA TITAN Xp Collector’s Edition GPU. 
#EATitanEmpireSweepstakes #St…","US tech companies founded by 1st and 2nd generation immigrants 🇺🇸

@Apple
@Google
@Facebook
@Amazon
@Oracle
@IBM… https://t.co/FZJgdSK9tP",RT @EAStarWars: RT for a chance to win a Star Wars Jedi Order @NVIDIA TITAN Xp Collector’s Edition GPU. #EATitanJediSweepstakes #StarWarsBa…,"RT @EAStarWars: RT for a chance to win a Star Wars Galactic Empire @NVIDIA TITAN Xp Collector’s Edition GPU. 
#EATitanEmpireSweepstakes #St…",RT @EAStarWars: RT for a chance to win a Star Wars Jedi Order @NVIDIA TITAN Xp Collector’s Edition GPU. #EATitanJediSweepstakes #StarWarsBa…,RT @EAStarWars: RT for a chance to win a Star Wars Jedi Order @NVIDIA TITAN Xp Collector’s Edition GPU. #EATitanJediSweepstakes #StarWarsBa…,"RT @EAStarWars: RT for a chance to win a Star Wars Galactic Empire @NVIDIA TITAN Xp Collector’s Edition GPU. 
#EATitanEmpireSweepstakes #St…",RT @EAStarWars: RT for a chance to win a Star Wars Jedi Order @NVIDIA TITAN Xp Collector’s Edition GPU. #EATitanJediSweepstakes #StarWarsBa…,RT @EAStarWars: RT for a chance to win a Star Wars Jedi Order @NVIDIA TITAN Xp Collector’s Edition GPU. #EATitanJediSweepstakes #StarWarsBa…,"RT @EAStarWars: RT for a chance to win a Star Wars Galactic Empire @NVIDIA TITAN Xp Collector’s Edition GPU. 
#EATitanEmpireSweepstakes #St…","RT @EAStarWars: RT for a chance to win a Star Wars Galactic Empire @NVIDIA TITAN Xp Collector’s Edition GPU. 
#EATitanEmpireSweepstakes #St…",RT @EAStarWars: RT for a chance to win a Star Wars Jedi Order @NVIDIA TITAN Xp Collector’s Edition GPU. #EATitanJediSweepstakes #StarWarsBa…,RT @EAStarWars: RT for a chance to win a Star Wars Jedi Order @NVIDIA TITAN Xp Collector’s Edition GPU. #EATitanJediSweepstakes #StarWarsBa…,"RT @EAStarWars: RT for a chance to win a Star Wars Galactic Empire @NVIDIA TITAN Xp Collector’s Edition GPU. 
#EATitanEmpireSweepstakes #St…","RT @EAStarWars: RT for a chance to win a Star Wars Galactic Empire @NVIDIA TITAN Xp Collector’s Edition GPU. 
#EATitanEmpireSweepstakes #St…",RT @EAStarWars: RT for a chance to win a Star Wars Jedi Order @NVIDIA TITAN Xp Collector’s Edition GPU. #EATitanJediSweepstakes #StarWarsBa…,"RT @EAStarWars: RT for a chance to win a Star Wars Galactic Empire @NVIDIA TITAN Xp Collector’s Edition GPU. 
#EATitanEmpireSweepstakes #St…","RT @EAStarWars: RT for a chance to win a Star Wars Galactic Empire @NVIDIA TITAN Xp Collector’s Edition GPU. 
#EATitanEmpireSweepstakes #St…",RT @EAStarWars: RT for a chance to win a Star Wars Jedi Order @NVIDIA TITAN Xp Collector’s Edition GPU. #EATitanJediSweepstakes #StarWarsBa…,RT @EAStarWars: RT for a chance to win a Star Wars Jedi Order @NVIDIA TITAN Xp Collector’s Edition GPU. #EATitanJediSweepstakes #StarWarsBa…,RT @EAStarWars: RT for a chance to win a Star Wars Jedi Order @NVIDIA TITAN Xp Collector’s Edition GPU. #EATitanJediSweepstakes #StarWarsBa…,"RT @EAStarWars: RT for a chance to win a Star Wars Galactic Empire @NVIDIA TITAN Xp Collector’s Edition GPU. 
#EATitanEmpireSweepstakes #St…","RT @EAStarWars: RT for a chance to win a Star Wars Galactic Empire @NVIDIA TITAN Xp Collector’s Edition GPU. 
#EATitanEmpireSweepstakes #St…","RT @EAStarWars: RT for a chance to win a Star Wars Galactic Empire @NVIDIA TITAN Xp Collector’s Edition GPU. 
#EATitanEmpireSweepstakes #St…",RT @EAStarWars: RT for a chance to win a Star Wars Jedi Order @NVIDIA TITAN Xp Collector’s Edition GPU. #EATitanJediSweepstakes #StarWarsBa…,"RT @EAStarWars: RT for a chance to win a Star Wars Galactic Empire @NVIDIA TITAN Xp Collector’s Edition GPU. 
#EATitanEmpireSweepstakes #St…",RT @EAStarWars: RT for a chance to win a Star Wars Jedi Order @NVIDIA TITAN Xp Collector’s Edition GPU. #EATitanJediSweepstakes #StarWarsBa…,"RT @EAStarWars: RT for a chance to win a Star Wars Galactic Empire @NVIDIA TITAN Xp Collector’s Edition GPU. 
#EATitanEmpireSweepstakes #St…",RT @EAStarWars: RT for a chance to win a Star Wars Jedi Order @NVIDIA TITAN Xp Collector’s Edition GPU. #EATitanJediSweepstakes #StarWarsBa…,RT @EAStarWars: RT for a chance to win a Star Wars Jedi Order @NVIDIA TITAN Xp Collector’s Edition GPU. #EATitanJediSweepstakes #StarWarsBa…,"RT @EAStarWars: RT for a chance to win a Star Wars Galactic Empire @NVIDIA TITAN Xp Collector’s Edition GPU. 
#EATitanEmpireSweepstakes #St…",RT @EAStarWars: RT for a chance to win a Star Wars Jedi Order @NVIDIA TITAN Xp Collector’s Edition GPU. #EATitanJediSweepstakes #StarWarsBa…,RT @EAStarWars: RT for a chance to win a Star Wars Jedi Order @NVIDIA TITAN Xp Collector’s Edition GPU. #EATitanJediSweepstakes #StarWarsBa…,RT @EAStarWars: RT for a chance to win a Star Wars Jedi Order @NVIDIA TITAN Xp Collector’s Edition GPU. #EATitanJediSweepstakes #StarWarsBa…,"RT @EAStarWars: RT for a chance to win a Star Wars Galactic Empire @NVIDIA TITAN Xp Collector’s Edition GPU. 
#EATitanEmpireSweepstakes #St…",RT @EAStarWars: RT for a chance to win a Star Wars Jedi Order @NVIDIA TITAN Xp Collector’s Edition GPU. #EATitanJediSweepstakes #StarWarsBa…,"RT @EAStarWars: RT for a chance to win a Star Wars Galactic Empire @NVIDIA TITAN Xp Collector’s Edition GPU. 
#EATitanEmpireSweepstakes #St…","RT @EAStarWars: RT for a chance to win a Star Wars Galactic Empire @NVIDIA TITAN Xp Collector’s Edition GPU. 
#EATitanEmpireSweepstakes #St…",RT @EAStarWars: RT for a chance to win a Star Wars Jedi Order @NVIDIA TITAN Xp Collector’s Edition GPU. #EATitanJediSweepstakes #StarWarsBa…,"RT @EAStarWars: RT for a chance to win a Star Wars Galactic Empire @NVIDIA TITAN Xp Collector’s Edition GPU. 
#EATitanEmpireSweepstakes #St…",RT @EAStarWars: RT for a chance to win a Star Wars Jedi Order @NVIDIA TITAN Xp Collector’s Edition GPU. #EATitanJediSweepstakes #StarWarsBa…,"RT @EAStarWars: RT for a chance to win a Star Wars Galactic Empire @NVIDIA TITAN Xp Collector’s Edition GPU. 
#EATitanEmpireSweepstakes #St…",RT @EAStarWars: RT for a chance to win a Star Wars Jedi Order @NVIDIA TITAN Xp Collector’s Edition GPU. #EATitanJediSweepstakes #StarWarsBa…,"RT @EAStarWars: RT for a chance to win a Star Wars Galactic Empire @NVIDIA TITAN Xp Collector’s Edition GPU. 
#EATitanEmpireSweepstakes #St…","RT @EAStarWars: RT for a chance to win a Star Wars Galactic Empire @NVIDIA TITAN Xp Collector’s Edition GPU. 
#EATitanEmpireSweepstakes #St…",RT @EAStarWars: RT for a chance to win a Star Wars Jedi Order @NVIDIA TITAN Xp Collector’s Edition GPU. #EATitanJediSweepstakes #StarWarsBa…,"RT @EAStarWars: RT for a chance to win a Star Wars Galactic Empire @NVIDIA TITAN Xp Collector’s Edition GPU. 
#EATitanEmpireSweepstakes #St…","RT @surface: The best graphics performance ever with @nvidia GeForce GPUs, in the new #SurfaceBook2. #GameOn https://t.co/2XtTs1bqPY",RT @EAStarWars: RT for a chance to win a Star Wars Jedi Order @NVIDIA TITAN Xp Collector’s Edition GPU. #EATitanJediSweepstakes #StarWarsBa…,RT @EAStarWars: RT for a chance to win a Star Wars Jedi Order @NVIDIA TITAN Xp Collector’s Edition GPU. #EATitanJediSweepstakes #StarWarsBa…,"RT @EAStarWars: RT for a chance to win a Star Wars Galactic Empire @NVIDIA TITAN Xp Collector’s Edition GPU. 
#EATitanEmpireSweepstakes #St…",RT @EAStarWars: RT for a chance to win a Star Wars Jedi Order @NVIDIA TITAN Xp Collector’s Edition GPU. #EATitanJediSweepstakes #StarWarsBa…,"RT @EAStarWars: RT for a chance to win a Star Wars Galactic Empire @NVIDIA TITAN Xp Collector’s Edition GPU. 
#EATitanEmpireSweepstakes #St…",RT @EAStarWars: RT for a chance to win a Star Wars Jedi Order @NVIDIA TITAN Xp Collector’s Edition GPU. #EATitanJediSweepstakes #StarWarsBa…,RT @EAStarWars: RT for a chance to win a Star Wars Jedi Order @NVIDIA TITAN Xp Collector’s Edition GPU. #EATitanJediSweepstakes #StarWarsBa…,"RT @EAStarWars: RT for a chance to win a Star Wars Galactic Empire @NVIDIA TITAN Xp Collector’s Edition GPU. 
#EATitanEmpireSweepstakes #St…",RT @EAStarWars: RT for a chance to win a Star Wars Jedi Order @NVIDIA TITAN Xp Collector’s Edition GPU. #EATitanJediSweepstakes #StarWarsBa…,RT @EAStarWars: RT for a chance to win a Star Wars Jedi Order @NVIDIA TITAN Xp Collector’s Edition GPU. #EATitanJediSweepstakes #StarWarsBa…,@Lin_ling_88 @NVDA @nvidia @Nvidia needs to sell Jensen Jackets on @amazon ... #AmazonLove #NvidiaLove 💥🔥🌶#Cool,"RT @EAStarWars: RT for a chance to win a Star Wars Galactic Empire @NVIDIA TITAN Xp Collector’s Edition GPU. 
#EATitanEmpireSweepstakes #St…",RT @EAStarWars: RT for a chance to win a Star Wars Jedi Order @NVIDIA TITAN Xp Collector’s Edition GPU. #EATitanJediSweepstakes #StarWarsBa…,"RT @EAStarWars: RT for a chance to win a Star Wars Galactic Empire @NVIDIA TITAN Xp Collector’s Edition GPU. 
#EATitanEmpireSweepstakes #St…",RT @EAStarWars: RT for a chance to win a Star Wars Jedi Order @NVIDIA TITAN Xp Collector’s Edition GPU. #EATitanJediSweepstakes #StarWarsBa…,RT @EAStarWars: RT for a chance to win a Star Wars Jedi Order @NVIDIA TITAN Xp Collector’s Edition GPU. #EATitanJediSweepstakes #StarWarsBa…,RT @EAStarWars: RT for a chance to win a Star Wars Jedi Order @NVIDIA TITAN Xp Collector’s Edition GPU. #EATitanJediSweepstakes #StarWarsBa…,"RT @EAStarWars: RT for a chance to win a Star Wars Galactic Empire @NVIDIA TITAN Xp Collector’s Edition GPU. 
#EATitanEmpireSweepstakes #St…",RT @EAStarWars: RT for a chance to win a Star Wars Jedi Order @NVIDIA TITAN Xp Collector’s Edition GPU. #EATitanJediSweepstakes #StarWarsBa…,"RT @EAStarWars: RT for a chance to win a Star Wars Galactic Empire @NVIDIA TITAN Xp Collector’s Edition GPU. 
#EATitanEmpireSweepstakes #St…",RT @EAStarWars: RT for a chance to win a Star Wars Jedi Order @NVIDIA TITAN Xp Collector’s Edition GPU. #EATitanJediSweepstakes #StarWarsBa…,RT @EAStarWars: RT for a chance to win a Star Wars Jedi Order @NVIDIA TITAN Xp Collector’s Edition GPU. #EATitanJediSweepstakes #StarWarsBa…,RT @EAStarWars: RT for a chance to win a Star Wars Jedi Order @NVIDIA TITAN Xp Collector’s Edition GPU. #EATitanJediSweepstakes #StarWarsBa…,"RT @EAStarWars: RT for a chance to win a Star Wars Galactic Empire @NVIDIA TITAN Xp Collector’s Edition GPU. 
#EATitanEmpireSweepstakes #St…",RT @EAStarWars: RT for a chance to win a Star Wars Jedi Order @NVIDIA TITAN Xp Collector’s Edition GPU. #EATitanJediSweepstakes #StarWarsBa…,"RT @EAStarWars: RT for a chance to win a Star Wars Galactic Empire @NVIDIA TITAN Xp Collector’s Edition GPU. 
#EATitanEmpireSweepstakes #St…","RT @EAStarWars: RT for a chance to win a Star Wars Galactic Empire @NVIDIA TITAN Xp Collector’s Edition GPU. 
#EATitanEmpireSweepstakes #St…","RT @EAStarWars: RT for a chance to win a Star Wars Galactic Empire @NVIDIA TITAN Xp Collector’s Edition GPU. 
#EATitanEmpireSweepstakes #St…",RT @EAStarWars: RT for a chance to win a Star Wars Jedi Order @NVIDIA TITAN Xp Collector’s Edition GPU. #EATitanJediSweepstakes #StarWarsBa…,RT @EAStarWars: RT for a chance to win a Star Wars Jedi Order @NVIDIA TITAN Xp Collector’s Edition GPU. #EATitanJediSweepstakes #StarWarsBa…,"RT @EAStarWars: RT for a chance to win a Star Wars Galactic Empire @NVIDIA TITAN Xp Collector’s Edition GPU. 
#EATitanEmpireSweepstakes #St…",RT @EAStarWars: RT for a chance to win a Star Wars Jedi Order @NVIDIA TITAN Xp Collector’s Edition GPU. #EATitanJediSweepstakes #StarWarsBa…,"RT @EAStarWars: RT for a chance to win a Star Wars Galactic Empire @NVIDIA TITAN Xp Collector’s Edition GPU. 
#EATitanEmpireSweepstakes #St…",RT @tomshardware: At #SC17 @nvidia stuck a “fully overclocked” @NVIDIAGeForce GTX Titan X in a two phase Fluorinert immersion cooling syste…,@BiotechTechAI @NVDA Sharing your sentiment totally. I love his leather jacket too...a dear friend of mine has one… https://t.co/i6JJWbmMko,RT @EAStarWars: RT for a chance to win a Star Wars Jedi Order @NVIDIA TITAN Xp Collector’s Edition GPU. #EATitanJediSweepstakes #StarWarsBa…,"RT @EAStarWars: RT for a chance to win a Star Wars Galactic Empire @NVIDIA TITAN Xp Collector’s Edition GPU. 
#EATitanEmpireSweepstakes #St…",RT @EAStarWars: RT for a chance to win a Star Wars Jedi Order @NVIDIA TITAN Xp Collector’s Edition GPU. #EATitanJediSweepstakes #StarWarsBa…,"RT @EAStarWars: RT for a chance to win a Star Wars Galactic Empire @NVIDIA TITAN Xp Collector’s Edition GPU. 
#EATitanEmpireSweepstakes #St…",RT @EAStarWars: RT for a chance to win a Star Wars Jedi Order @NVIDIA TITAN Xp Collector’s Edition GPU. #EATitanJediSweepstakes #StarWarsBa…,RT @EAStarWars: RT for a chance to win a Star Wars Jedi Order @NVIDIA TITAN Xp Collector’s Edition GPU. #EATitanJediSweepstakes #StarWarsBa…,RT @EAStarWars: RT for a chance to win a Star Wars Jedi Order @NVIDIA TITAN Xp Collector’s Edition GPU. #EATitanJediSweepstakes #StarWarsBa…,"RT @EAStarWars: RT for a chance to win a Star Wars Galactic Empire @NVIDIA TITAN Xp Collector’s Edition GPU. 
#EATitanEmpireSweepstakes #St…","RT @EAStarWars: RT for a chance to win a Star Wars Galactic Empire @NVIDIA TITAN Xp Collector’s Edition GPU. 
#EATitanEmpireSweepstakes #St…",RT @EAStarWars: RT for a chance to win a Star Wars Jedi Order @NVIDIA TITAN Xp Collector’s Edition GPU. #EATitanJediSweepstakes #StarWarsBa…,RT @EAStarWars: RT for a chance to win a Star Wars Jedi Order @NVIDIA TITAN Xp Collector’s Edition GPU. #EATitanJediSweepstakes #StarWarsBa…,RT @EAStarWars: RT for a chance to win a Star Wars Jedi Order @NVIDIA TITAN Xp Collector’s Edition GPU. #EATitanJediSweepstakes #StarWarsBa…,RT @EAStarWars: RT for a chance to win a Star Wars Jedi Order @NVIDIA TITAN Xp Collector’s Edition GPU. #EATitanJediSweepstakes #StarWarsBa…,"RT @EAStarWars: RT for a chance to win a Star Wars Galactic Empire @NVIDIA TITAN Xp Collector’s Edition GPU. 
#EATitanEmpireSweepstakes #St…","RT @EAStarWars: RT for a chance to win a Star Wars Galactic Empire @NVIDIA TITAN Xp Collector’s Edition GPU. 
#EATitanEmpireSweepstakes #St…",RT @EAStarWars: RT for a chance to win a Star Wars Jedi Order @NVIDIA TITAN Xp Collector’s Edition GPU. #EATitanJediSweepstakes #StarWarsBa…,RT @EAStarWars: RT for a chance to win a Star Wars Jedi Order @NVIDIA TITAN Xp Collector’s Edition GPU. #EATitanJediSweepstakes #StarWarsBa…,RT @EAStarWars: RT for a chance to win a Star Wars Jedi Order @NVIDIA TITAN Xp Collector’s Edition GPU. #EATitanJediSweepstakes #StarWarsBa…,"RT @EAStarWars: RT for a chance to win a Star Wars Galactic Empire @NVIDIA TITAN Xp Collector’s Edition GPU. 
#EATitanEmpireSweepstakes #St…","RT @EAStarWars: RT for a chance to win a Star Wars Galactic Empire @NVIDIA TITAN Xp Collector’s Edition GPU. 
#EATitanEmpireSweepstakes #St…","RT @surface: The best graphics performance ever with @nvidia GeForce GPUs, in the new #SurfaceBook2. #GameOn https://t.co/2XtTs1bqPY",RT @EAStarWars: RT for a chance to win a Star Wars Jedi Order @NVIDIA TITAN Xp Collector’s Edition GPU. #EATitanJediSweepstakes #StarWarsBa…,"RT @EAStarWars: RT for a chance to win a Star Wars Galactic Empire @NVIDIA TITAN Xp Collector’s Edition GPU. 
#EATitanEmpireSweepstakes #St…","RT @EAStarWars: RT for a chance to win a Star Wars Galactic Empire @NVIDIA TITAN Xp Collector’s Edition GPU. 
#EATitanEmpireSweepstakes #St…","RT @EAStarWars: RT for a chance to win a Star Wars Galactic Empire @NVIDIA TITAN Xp Collector’s Edition GPU. 
#EATitanEmpireSweepstakes #St…","RT @EAStarWars: RT for a chance to win a Star Wars Galactic Empire @NVIDIA TITAN Xp Collector’s Edition GPU. 
#EATitanEmpireSweepstakes #St…",RT @EAStarWars: RT for a chance to win a Star Wars Jedi Order @NVIDIA TITAN Xp Collector’s Edition GPU. #EATitanJediSweepstakes #StarWarsBa…,"RT @EAStarWars: RT for a chance to win a Star Wars Galactic Empire @NVIDIA TITAN Xp Collector’s Edition GPU. 
#EATitanEmpireSweepstakes #St…","RT @EAStarWars: RT for a chance to win a Star Wars Galactic Empire @NVIDIA TITAN Xp Collector’s Edition GPU. 
#EATitanEmpireSweepstakes #St…","RT @EAStarWars: RT for a chance to win a Star Wars Galactic Empire @NVIDIA TITAN Xp Collector’s Edition GPU. 
#EATitanEmpireSweepstakes #St…","RT @EAStarWars: RT for a chance to win a Star Wars Galactic Empire @NVIDIA TITAN Xp Collector’s Edition GPU. 
#EATitanEmpireSweepstakes #St…","RT @EAStarWars: RT for a chance to win a Star Wars Galactic Empire @NVIDIA TITAN Xp Collector’s Edition GPU. 
#EATitanEmpireSweepstakes #St…","@ClarKetchum @nvidia lol its for a giveaway, other than that I float around twitter.",RT @EAStarWars: RT for a chance to win a Star Wars Jedi Order @NVIDIA TITAN Xp Collector’s Edition GPU. #EATitanJediSweepstakes #StarWarsBa…,"RT @EAStarWars: RT for a chance to win a Star Wars Galactic Empire @NVIDIA TITAN Xp Collector’s Edition GPU. 
#EATitanEmpireSweepstakes #St…","RT @EAStarWars: RT for a chance to win a Star Wars Galactic Empire @NVIDIA TITAN Xp Collector’s Edition GPU. 
#EATitanEmpireSweepstakes #St…",RT @EAStarWars: RT for a chance to win a Star Wars Jedi Order @NVIDIA TITAN Xp Collector’s Edition GPU. #EATitanJediSweepstakes #StarWarsBa…,RT @EAStarWars: RT for a chance to win a Star Wars Jedi Order @NVIDIA TITAN Xp Collector’s Edition GPU. #EATitanJediSweepstakes #StarWarsBa…,"RT @EAStarWars: RT for a chance to win a Star Wars Galactic Empire @NVIDIA TITAN Xp Collector’s Edition GPU. 
#EATitanEmpireSweepstakes #St…","RT @EAStarWars: RT for a chance to win a Star Wars Galactic Empire @NVIDIA TITAN Xp Collector’s Edition GPU. 
#EATitanEmpireSweepstakes #St…",RT @nvidia: Congrats to our CEO Jensen Huang for being Named @FortuneMagazine’s 2017 Businessperson of the Year https://t.co/M2pipH1U7e htt…,"RT @EAStarWars: RT for a chance to win a Star Wars Galactic Empire @NVIDIA TITAN Xp Collector’s Edition GPU. 
#EATitanEmpireSweepstakes #St…","RT @surface: The best graphics performance ever with @nvidia GeForce GPUs, in the new #SurfaceBook2. #GameOn https://t.co/2XtTs1bqPY",RT @EAStarWars: RT for a chance to win a Star Wars Jedi Order @NVIDIA TITAN Xp Collector’s Edition GPU. #EATitanJediSweepstakes #StarWarsBa…,"RT @EAStarWars: RT for a chance to win a Star Wars Galactic Empire @NVIDIA TITAN Xp Collector’s Edition GPU. 
#EATitanEmpireSweepstakes #St…",RT @EAStarWars: RT for a chance to win a Star Wars Jedi Order @NVIDIA TITAN Xp Collector’s Edition GPU. #EATitanJediSweepstakes #StarWarsBa…,RT @EAStarWars: RT for a chance to win a Star Wars Jedi Order @NVIDIA TITAN Xp Collector’s Edition GPU. #EATitanJediSweepstakes #StarWarsBa…,RT @EAStarWars: RT for a chance to win a Star Wars Jedi Order @NVIDIA TITAN Xp Collector’s Edition GPU. #EATitanJediSweepstakes #StarWarsBa…,RT @EAStarWars: RT for a chance to win a Star Wars Jedi Order @NVIDIA TITAN Xp Collector’s Edition GPU. #EATitanJediSweepstakes #StarWarsBa…,RT @EAStarWars: RT for a chance to win a Star Wars Jedi Order @NVIDIA TITAN Xp Collector’s Edition GPU. #EATitanJediSweepstakes #StarWarsBa…,"RT @EAStarWars: RT for a chance to win a Star Wars Galactic Empire @NVIDIA TITAN Xp Collector’s Edition GPU. 
#EATitanEmpireSweepstakes #St…","RT @EAStarWars: RT for a chance to win a Star Wars Galactic Empire @NVIDIA TITAN Xp Collector’s Edition GPU. 
#EATitanEmpireSweepstakes #St…",RT @EAStarWars: RT for a chance to win a Star Wars Jedi Order @NVIDIA TITAN Xp Collector’s Edition GPU. #EATitanJediSweepstakes #StarWarsBa…,"RT @EAStarWars: RT for a chance to win a Star Wars Galactic Empire @NVIDIA TITAN Xp Collector’s Edition GPU. 
#EATitanEmpireSweepstakes #St…",RT @EAStarWars: RT for a chance to win a Star Wars Jedi Order @NVIDIA TITAN Xp Collector’s Edition GPU. #EATitanJediSweepstakes #StarWarsBa…,"RT @EAStarWars: RT for a chance to win a Star Wars Galactic Empire @NVIDIA TITAN Xp Collector’s Edition GPU. 
#EATitanEmpireSweepstakes #St…","RT @EAStarWars: RT for a chance to win a Star Wars Galactic Empire @NVIDIA TITAN Xp Collector’s Edition GPU. 
#EATitanEmpireSweepstakes #St…",RT @EAStarWars: RT for a chance to win a Star Wars Jedi Order @NVIDIA TITAN Xp Collector’s Edition GPU. #EATitanJediSweepstakes #StarWarsBa…,"RT @EAStarWars: RT for a chance to win a Star Wars Galactic Empire @NVIDIA TITAN Xp Collector’s Edition GPU. 
#EATitanEmpireSweepstakes #St…","RT @EAStarWars: RT for a chance to win a Star Wars Galactic Empire @NVIDIA TITAN Xp Collector’s Edition GPU. 
#EATitanEmpireSweepstakes #St…",RT @EAStarWars: RT for a chance to win a Star Wars Jedi Order @NVIDIA TITAN Xp Collector’s Edition GPU. #EATitanJediSweepstakes #StarWarsBa…,"RT @EAStarWars: RT for a chance to win a Star Wars Galactic Empire @NVIDIA TITAN Xp Collector’s Edition GPU. 
#EATitanEmpireSweepstakes #St…",RT @EAStarWars: RT for a chance to win a Star Wars Jedi Order @NVIDIA TITAN Xp Collector’s Edition GPU. #EATitanJediSweepstakes #StarWarsBa…,"RT @EAStarWars: RT for a chance to win a Star Wars Galactic Empire @NVIDIA TITAN Xp Collector’s Edition GPU. 
#EATitanEmpireSweepstakes #St…","RT @EAStarWars: RT for a chance to win a Star Wars Galactic Empire @NVIDIA TITAN Xp Collector’s Edition GPU. 
#EATitanEmpireSweepstakes #St…","RT @surface: The best graphics performance ever with @nvidia GeForce GPUs, in the new #SurfaceBook2. #GameOn https://t.co/2XtTs1bqPY","RT @EAStarWars: RT for a chance to win a Star Wars Galactic Empire @NVIDIA TITAN Xp Collector’s Edition GPU. 
#EATitanEmpireSweepstakes #St…",RT @EAStarWars: RT for a chance to win a Star Wars Jedi Order @NVIDIA TITAN Xp Collector’s Edition GPU. #EATitanJediSweepstakes #StarWarsBa…,"RT @surface: The best graphics performance ever with @nvidia GeForce GPUs, in the new #SurfaceBook2. #GameOn https://t.co/2XtTs1bqPY",RT @SAPLeonardo: Learn how companies are using @NVIDIA DGX and SAP Brand Impact to revamp media sponsorship ROI in real time. https://t.co/…,"RT @EAStarWars: RT for a chance to win a Star Wars Galactic Empire @NVIDIA TITAN Xp Collector’s Edition GPU. 
#EATitanEmpireSweepstakes #St…","RT @EAStarWars: RT for a chance to win a Star Wars Galactic Empire @NVIDIA TITAN Xp Collector’s Edition GPU. 
#EATitanEmpireSweepstakes #St…",RT @EAStarWars: RT for a chance to win a Star Wars Jedi Order @NVIDIA TITAN Xp Collector’s Edition GPU. #EATitanJediSweepstakes #StarWarsBa…,"RT @EAStarWars: RT for a chance to win a Star Wars Galactic Empire @NVIDIA TITAN Xp Collector’s Edition GPU. 
#EATitanEmpireSweepstakes #St…",RT @EAStarWars: RT for a chance to win a Star Wars Jedi Order @NVIDIA TITAN Xp Collector’s Edition GPU. #EATitanJediSweepstakes #StarWarsBa…,RT @SAPLeonardo: Learn how companies are using @NVIDIA DGX and SAP Brand Impact to revamp media sponsorship ROI in real time. https://t.co/…,RT @EAStarWars: RT for a chance to win a Star Wars Jedi Order @NVIDIA TITAN Xp Collector’s Edition GPU. #EATitanJediSweepstakes #StarWarsBa…,RT @EAStarWars: RT for a chance to win a Star Wars Jedi Order @NVIDIA TITAN Xp Collector’s Edition GPU. #EATitanJediSweepstakes #StarWarsBa…,"RT @EAStarWars: RT for a chance to win a Star Wars Galactic Empire @NVIDIA TITAN Xp Collector’s Edition GPU. 
#EATitanEmpireSweepstakes #St…","RT @EAStarWars: RT for a chance to win a Star Wars Galactic Empire @NVIDIA TITAN Xp Collector’s Edition GPU. 
#EATitanEmpireSweepstakes #St…","RT @EAStarWars: RT for a chance to win a Star Wars Galactic Empire @NVIDIA TITAN Xp Collector’s Edition GPU. 
#EATitanEmpireSweepstakes #St…","RT @EAStarWars: RT for a chance to win a Star Wars Galactic Empire @NVIDIA TITAN Xp Collector’s Edition GPU. 
#EATitanEmpireSweepstakes #St…","RT @EAStarWars: RT for a chance to win a Star Wars Galactic Empire @NVIDIA TITAN Xp Collector’s Edition GPU. 
#EATitanEmpireSweepstakes #St…",RT @EAStarWars: RT for a chance to win a Star Wars Jedi Order @NVIDIA TITAN Xp Collector’s Edition GPU. #EATitanJediSweepstakes #StarWarsBa…,"RT @EAStarWars: RT for a chance to win a Star Wars Galactic Empire @NVIDIA TITAN Xp Collector’s Edition GPU. 
#EATitanEmpireSweepstakes #St…","RT @surface: The best graphics performance ever with @nvidia GeForce GPUs, in the new #SurfaceBook2. #GameOn https://t.co/2XtTs1bqPY","RT @EAStarWars: RT for a chance to win a Star Wars Galactic Empire @NVIDIA TITAN Xp Collector’s Edition GPU. 
#EATitanEmpireSweepstakes #St…","RT @EAStarWars: RT for a chance to win a Star Wars Galactic Empire @NVIDIA TITAN Xp Collector’s Edition GPU. 
#EATitanEmpireSweepstakes #St…",RT for a chance to win a Star Wars Galactic Empire @NVIDIA TITAN Xp... https://t.co/GdZW6ZWehS by #NVIDIAGeForce vi… https://t.co/jdRCJe6tfv,RT @EAStarWars: RT for a chance to win a Star Wars Jedi Order @NVIDIA TITAN Xp Collector’s Edition GPU. #EATitanJediSweepstakes #StarWarsBa…,RT @EAStarWars: RT for a chance to win a Star Wars Jedi Order @NVIDIA TITAN Xp Collector’s Edition GPU. #EATitanJediSweepstakes #StarWarsBa…,@EAStarWars @nvidia Nah I just rt,RT @EAStarWars: RT for a chance to win a Star Wars Jedi Order @NVIDIA TITAN Xp Collector’s Edition GPU. #EATitanJediSweepstakes #StarWarsBa…,"RT @EAStarWars: RT for a chance to win a Star Wars Galactic Empire @NVIDIA TITAN Xp Collector’s Edition GPU. 
#EATitanEmpireSweepstakes #St…",RT @EAStarWars: RT for a chance to win a Star Wars Jedi Order @NVIDIA TITAN Xp Collector’s Edition GPU. #EATitanJediSweepstakes #StarWarsBa…,"RT @EAStarWars: RT for a chance to win a Star Wars Galactic Empire @NVIDIA TITAN Xp Collector’s Edition GPU. 
#EATitanEmpireSweepstakes #St…","RT @EAStarWars: RT for a chance to win a Star Wars Galactic Empire @NVIDIA TITAN Xp Collector’s Edition GPU. 
#EATitanEmpireSweepstakes #St…",RT @EAStarWars: RT for a chance to win a Star Wars Jedi Order @NVIDIA TITAN Xp Collector’s Edition GPU. #EATitanJediSweepstakes #StarWarsBa…,"RT @EAStarWars: RT for a chance to win a Star Wars Galactic Empire @NVIDIA TITAN Xp Collector’s Edition GPU. 
#EATitanEmpireSweepstakes #St…",RT @EAStarWars: RT for a chance to win a Star Wars Jedi Order @NVIDIA TITAN Xp Collector’s Edition GPU. #EATitanJediSweepstakes #StarWarsBa…,"RT @EAStarWars: RT for a chance to win a Star Wars Galactic Empire @NVIDIA TITAN Xp Collector’s Edition GPU. 
#EATitanEmpireSweepstakes #St…","RT @EAStarWars: RT for a chance to win a Star Wars Galactic Empire @NVIDIA TITAN Xp Collector’s Edition GPU. 
#EATitanEmpireSweepstakes #St…",RT @EAStarWars: RT for a chance to win a Star Wars Jedi Order @NVIDIA TITAN Xp Collector’s Edition GPU. #EATitanJediSweepstakes #StarWarsBa…,RT @EAStarWars: RT for a chance to win a Star Wars Jedi Order @NVIDIA TITAN Xp Collector’s Edition GPU. #EATitanJediSweepstakes #StarWarsBa…,@EAStarWars @nvidia Ill enter anyway even though i cant win cause i dnt live in the US 😔😢,RT @EAStarWars: RT for a chance to win a Star Wars Jedi Order @NVIDIA TITAN Xp Collector’s Edition GPU. #EATitanJediSweepstakes #StarWarsBa…,"RT @EAStarWars: RT for a chance to win a Star Wars Galactic Empire @NVIDIA TITAN Xp Collector’s Edition GPU. 
#EATitanEmpireSweepstakes #St…","RT @EAStarWars: RT for a chance to win a Star Wars Galactic Empire @NVIDIA TITAN Xp Collector’s Edition GPU. 
#EATitanEmpireSweepstakes #St…",RT @EAStarWars: RT for a chance to win a Star Wars Jedi Order @NVIDIA TITAN Xp Collector’s Edition GPU. #EATitanJediSweepstakes #StarWarsBa…,"RT @EAStarWars: RT for a chance to win a Star Wars Galactic Empire @NVIDIA TITAN Xp Collector’s Edition GPU. 
#EATitanEmpireSweepstakes #St…",RT @EAStarWars: RT for a chance to win a Star Wars Jedi Order @NVIDIA TITAN Xp Collector’s Edition GPU. #EATitanJediSweepstakes #StarWarsBa…,"RT @EAStarWars: RT for a chance to win a Star Wars Galactic Empire @NVIDIA TITAN Xp Collector’s Edition GPU. 
#EATitanEmpireSweepstakes #St…",RT @EAStarWars: RT for a chance to win a Star Wars Jedi Order @NVIDIA TITAN Xp Collector’s Edition GPU. #EATitanJediSweepstakes #StarWarsBa…,"RT @EAStarWars: RT for a chance to win a Star Wars Galactic Empire @NVIDIA TITAN Xp Collector’s Edition GPU. 
#EATitanEmpireSweepstakes #St…","RT @EAStarWars: RT for a chance to win a Star Wars Galactic Empire @NVIDIA TITAN Xp Collector’s Edition GPU. 
#EATitanEmpireSweepstakes #St…","RT @EAStarWars: RT for a chance to win a Star Wars Galactic Empire @NVIDIA TITAN Xp Collector’s Edition GPU. 
#EATitanEmpireSweepstakes #St…",RT @EAStarWars: RT for a chance to win a Star Wars Jedi Order @NVIDIA TITAN Xp Collector’s Edition GPU. #EATitanJediSweepstakes #StarWarsBa…,"RT @EAStarWars: RT for a chance to win a Star Wars Galactic Empire @NVIDIA TITAN Xp Collector’s Edition GPU. 
#EATitanEmpireSweepstakes #St…","RT @EAStarWars: RT for a chance to win a Star Wars Galactic Empire @NVIDIA TITAN Xp Collector’s Edition GPU. 
#EATitanEmpireSweepstakes #St…",RT @EAStarWars: RT for a chance to win a Star Wars Jedi Order @NVIDIA TITAN Xp Collector’s Edition GPU. #EATitanJediSweepstakes #StarWarsBa…,"RT @surface: The best graphics performance ever with @nvidia GeForce GPUs, in the new #SurfaceBook2. #GameOn https://t.co/2XtTs1bqPY","RT @EAStarWars: RT for a chance to win a Star Wars Galactic Empire @NVIDIA TITAN Xp Collector’s Edition GPU. 
#EATitanEmpireSweepstakes #St…","RT @EAStarWars: RT for a chance to win a Star Wars Galactic Empire @NVIDIA TITAN Xp Collector’s Edition GPU. 
#EATitanEmpireSweepstakes #St…","RT @EAStarWars: RT for a chance to win a Star Wars Galactic Empire @NVIDIA TITAN Xp Collector’s Edition GPU. 
#EATitanEmpireSweepstakes #St…",RT @EAStarWars: RT for a chance to win a Star Wars Jedi Order @NVIDIA TITAN Xp Collector’s Edition GPU. #EATitanJediSweepstakes #StarWarsBa…,RT @EAStarWars: RT for a chance to win a Star Wars Jedi Order @NVIDIA TITAN Xp Collector’s Edition GPU. #EATitanJediSweepstakes #StarWarsBa…,"RT @EAStarWars: RT for a chance to win a Star Wars Galactic Empire @NVIDIA TITAN Xp Collector’s Edition GPU. 
#EATitanEmpireSweepstakes #St…",RT @EAStarWars: RT for a chance to win a Star Wars Jedi Order @NVIDIA TITAN Xp Collector’s Edition GPU. #EATitanJediSweepstakes #StarWarsBa…,RT @EAStarWars: RT for a chance to win a Star Wars Jedi Order @NVIDIA TITAN Xp Collector’s Edition GPU. #EATitanJediSweepstakes #StarWarsBa…,"RT @surface: The best graphics performance ever with @nvidia GeForce GPUs, in the new #SurfaceBook2. #GameOn https://t.co/2XtTs1bqPY",RT @EAStarWars: RT for a chance to win a Star Wars Jedi Order @NVIDIA TITAN Xp Collector’s Edition GPU. #EATitanJediSweepstakes #StarWarsBa…,"RT @EAStarWars: RT for a chance to win a Star Wars Galactic Empire @NVIDIA TITAN Xp Collector’s Edition GPU. 
#EATitanEmpireSweepstakes #St…",RT @EAStarWars: RT for a chance to win a Star Wars Jedi Order @NVIDIA TITAN Xp Collector’s Edition GPU. #EATitanJediSweepstakes #StarWarsBa…,RT @EAStarWars: RT for a chance to win a Star Wars Jedi Order @NVIDIA TITAN Xp Collector’s Edition GPU. #EATitanJediSweepstakes #StarWarsBa…,@surface @nvidia Can it stream 4k videos?,"RT @EAStarWars: RT for a chance to win a Star Wars Galactic Empire @NVIDIA TITAN Xp Collector’s Edition GPU. 
#EATitanEmpireSweepstakes #St…","RT @EAStarWars: RT for a chance to win a Star Wars Galactic Empire @NVIDIA TITAN Xp Collector’s Edition GPU. 
#EATitanEmpireSweepstakes #St…","RT @EAStarWars: RT for a chance to win a Star Wars Galactic Empire @NVIDIA TITAN Xp Collector’s Edition GPU. 
#EATitanEmpireSweepstakes #St…",@EAStarWars @NVIDIAGeForce @nvidia Imagine if I won,RT @EAStarWars: RT for a chance to win a Star Wars Jedi Order @NVIDIA TITAN Xp Collector’s Edition GPU. #EATitanJediSweepstakes #StarWarsBa…,RT @EAStarWars: RT for a chance to win a Star Wars Jedi Order @NVIDIA TITAN Xp Collector’s Edition GPU. #EATitanJediSweepstakes #StarWarsBa…,"RT @EAStarWars: RT for a chance to win a Star Wars Galactic Empire @NVIDIA TITAN Xp Collector’s Edition GPU. 
#EATitanEmpireSweepstakes #St…",RT @EAStarWars: RT for a chance to win a Star Wars Jedi Order @NVIDIA TITAN Xp Collector’s Edition GPU. #EATitanJediSweepstakes #StarWarsBa…,RT @EAStarWars: RT for a chance to win a Star Wars Jedi Order @NVIDIA TITAN Xp Collector’s Edition GPU. #EATitanJediSweepstakes #StarWarsBa…,"RT @EAStarWars: RT for a chance to win a Star Wars Galactic Empire @NVIDIA TITAN Xp Collector’s Edition GPU. 
#EATitanEmpireSweepstakes #St…","RT @EAStarWars: RT for a chance to win a Star Wars Galactic Empire @NVIDIA TITAN Xp Collector’s Edition GPU. 
#EATitanEmpireSweepstakes #St…",RT @EAStarWars: RT for a chance to win a Star Wars Jedi Order @NVIDIA TITAN Xp Collector’s Edition GPU. #EATitanJediSweepstakes #StarWarsBa…,"RT @surface: The best graphics performance ever with @nvidia GeForce GPUs, in the new #SurfaceBook2. #GameOn https://t.co/2XtTs1bqPY",RT @EAStarWars: RT for a chance to win a Star Wars Jedi Order @NVIDIA TITAN Xp Collector’s Edition GPU. #EATitanJediSweepstakes #StarWarsBa…,"RT @surface: The best graphics performance ever with @nvidia GeForce GPUs, in the new #SurfaceBook2. #GameOn https://t.co/2XtTs1bqPY",RT @EAStarWars: RT for a chance to win a Star Wars Jedi Order @NVIDIA TITAN Xp Collector’s Edition GPU. #EATitanJediSweepstakes #StarWarsBa…,"RT @EAStarWars: RT for a chance to win a Star Wars Galactic Empire @NVIDIA TITAN Xp Collector’s Edition GPU. 
#EATitanEmpireSweepstakes #St…","RT @EAStarWars: RT for a chance to win a Star Wars Galactic Empire @NVIDIA TITAN Xp Collector’s Edition GPU. 
#EATitanEmpireSweepstakes #St…","RT @EAStarWars: RT for a chance to win a Star Wars Galactic Empire @NVIDIA TITAN Xp Collector’s Edition GPU. 
#EATitanEmpireSweepstakes #St…","RT @EAStarWars: RT for a chance to win a Star Wars Galactic Empire @NVIDIA TITAN Xp Collector’s Edition GPU. 
#EATitanEmpireSweepstakes #St…",RT @EAStarWars: RT for a chance to win a Star Wars Jedi Order @NVIDIA TITAN Xp Collector’s Edition GPU. #EATitanJediSweepstakes #StarWarsBa…,RT @EAStarWars: RT for a chance to win a Star Wars Jedi Order @NVIDIA TITAN Xp Collector’s Edition GPU. #EATitanJediSweepstakes #StarWarsBa…,"RT @EAStarWars: RT for a chance to win a Star Wars Galactic Empire @NVIDIA TITAN Xp Collector’s Edition GPU. 
#EATitanEmpireSweepstakes #St…",#ESLPROLEAGUE #GAMEREADY #Cloud9 via @NVIDIA sitting on cloud9,RT @EAStarWars: RT for a chance to win a Star Wars Jedi Order @NVIDIA TITAN Xp Collector’s Edition GPU. #EATitanJediSweepstakes #StarWarsBa…,"RT @EAStarWars: RT for a chance to win a Star Wars Galactic Empire @NVIDIA TITAN Xp Collector’s Edition GPU. 
#EATitanEmpireSweepstakes #St…","RT @EAStarWars: RT for a chance to win a Star Wars Galactic Empire @NVIDIA TITAN Xp Collector’s Edition GPU. 
#EATitanEmpireSweepstakes #St…",RT @EAStarWars: RT for a chance to win a Star Wars Jedi Order @NVIDIA TITAN Xp Collector’s Edition GPU. #EATitanJediSweepstakes #StarWarsBa…,RT @EAStarWars: RT for a chance to win a Star Wars Jedi Order @NVIDIA TITAN Xp Collector’s Edition GPU. #EATitanJediSweepstakes #StarWarsBa…,RT @EAStarWars: RT for a chance to win a Star Wars Jedi Order @NVIDIA TITAN Xp Collector’s Edition GPU. #EATitanJediSweepstakes #StarWarsBa…,"RT @EAStarWars: RT for a chance to win a Star Wars Galactic Empire @NVIDIA TITAN Xp Collector’s Edition GPU. 
#EATitanEmpireSweepstakes #St…","RT @EAStarWars: RT for a chance to win a Star Wars Galactic Empire @NVIDIA TITAN Xp Collector’s Edition GPU. 
#EATitanEmpireSweepstakes #St…",RT @EAStarWars: RT for a chance to win a Star Wars Jedi Order @NVIDIA TITAN Xp Collector’s Edition GPU. #EATitanJediSweepstakes #StarWarsBa…,RT @EAStarWars: RT for a chance to win a Star Wars Jedi Order @NVIDIA TITAN Xp Collector’s Edition GPU. #EATitanJediSweepstakes #StarWarsBa…,"RT @EAStarWars: RT for a chance to win a Star Wars Galactic Empire @NVIDIA TITAN Xp Collector’s Edition GPU. 
#EATitanEmpireSweepstakes #St…","RT @surface: The best graphics performance ever with @nvidia GeForce GPUs, in the new #SurfaceBook2. #GameOn https://t.co/2XtTs1bqPY","RT @EAStarWars: RT for a chance to win a Star Wars Galactic Empire @NVIDIA TITAN Xp Collector’s Edition GPU. 
#EATitanEmpireSweepstakes #St…",RT @EAStarWars: RT for a chance to win a Star Wars Jedi Order @NVIDIA TITAN Xp Collector’s Edition GPU. #EATitanJediSweepstakes #StarWarsBa…,RT @EAStarWars: RT for a chance to win a Star Wars Jedi Order @NVIDIA TITAN Xp Collector’s Edition GPU. #EATitanJediSweepstakes #StarWarsBa…,RT @EAStarWars: RT for a chance to win a Star Wars Jedi Order @NVIDIA TITAN Xp Collector’s Edition GPU. #EATitanJediSweepstakes #StarWarsBa…,"RT @EAStarWars: RT for a chance to win a Star Wars Galactic Empire @NVIDIA TITAN Xp Collector’s Edition GPU. 
#EATitanEmpireSweepstakes #St…","RT @EAStarWars: RT for a chance to win a Star Wars Galactic Empire @NVIDIA TITAN Xp Collector’s Edition GPU. 
#EATitanEmpireSweepstakes #St…",RT @EAStarWars: RT for a chance to win a Star Wars Jedi Order @NVIDIA TITAN Xp Collector’s Edition GPU. #EATitanJediSweepstakes #StarWarsBa…,"RT @EAStarWars: RT for a chance to win a Star Wars Galactic Empire @NVIDIA TITAN Xp Collector’s Edition GPU. 
#EATitanEmpireSweepstakes #St…",RT @EAStarWars: RT for a chance to win a Star Wars Jedi Order @NVIDIA TITAN Xp Collector’s Edition GPU. #EATitanJediSweepstakes #StarWarsBa…,"RT @EAStarWars: RT for a chance to win a Star Wars Galactic Empire @NVIDIA TITAN Xp Collector’s Edition GPU. 
#EATitanEmpireSweepstakes #St…",RT @EAStarWars: RT for a chance to win a Star Wars Jedi Order @NVIDIA TITAN Xp Collector’s Edition GPU. #EATitanJediSweepstakes #StarWarsBa…,"RT @EAStarWars: RT for a chance to win a Star Wars Galactic Empire @NVIDIA TITAN Xp Collector’s Edition GPU. 
#EATitanEmpireSweepstakes #St…",RT @EAStarWars: RT for a chance to win a Star Wars Jedi Order @NVIDIA TITAN Xp Collector’s Edition GPU. #EATitanJediSweepstakes #StarWarsBa…,RT @EAStarWars: RT for a chance to win a Star Wars Jedi Order @NVIDIA TITAN Xp Collector’s Edition GPU. #EATitanJediSweepstakes #StarWarsBa…,RT @EAStarWars: RT for a chance to win a Star Wars Jedi Order @NVIDIA TITAN Xp Collector’s Edition GPU. #EATitanJediSweepstakes #StarWarsBa…,"RT @EAStarWars: RT for a chance to win a Star Wars Galactic Empire @NVIDIA TITAN Xp Collector’s Edition GPU. 
#EATitanEmpireSweepstakes #St…","RT @EAStarWars: RT for a chance to win a Star Wars Galactic Empire @NVIDIA TITAN Xp Collector’s Edition GPU. 
#EATitanEmpireSweepstakes #St…",RT @EAStarWars: RT for a chance to win a Star Wars Jedi Order @NVIDIA TITAN Xp Collector’s Edition GPU. #EATitanJediSweepstakes #StarWarsBa…,"RT @EAStarWars: RT for a chance to win a Star Wars Galactic Empire @NVIDIA TITAN Xp Collector’s Edition GPU. 
#EATitanEmpireSweepstakes #St…",RT @EAStarWars: RT for a chance to win a Star Wars Jedi Order @NVIDIA TITAN Xp Collector’s Edition GPU. #EATitanJediSweepstakes #StarWarsBa…,RT @EAStarWars: RT for a chance to win a Star Wars Jedi Order @NVIDIA TITAN Xp Collector’s Edition GPU. #EATitanJediSweepstakes #StarWarsBa…,"RT @EAStarWars: RT for a chance to win a Star Wars Galactic Empire @NVIDIA TITAN Xp Collector’s Edition GPU. 
#EATitanEmpireSweepstakes #St…",RT @EAStarWars: RT for a chance to win a Star Wars Jedi Order @NVIDIA TITAN Xp Collector’s Edition GPU. #EATitanJediSweepstakes #StarWarsBa…,RT @EAStarWars: RT for a chance to win a Star Wars Jedi Order @NVIDIA TITAN Xp Collector’s Edition GPU. #EATitanJediSweepstakes #StarWarsBa…,"RT @EAStarWars: RT for a chance to win a Star Wars Galactic Empire @NVIDIA TITAN Xp Collector’s Edition GPU. 
#EATitanEmpireSweepstakes #St…",RT @EAStarWars: RT for a chance to win a Star Wars Jedi Order @NVIDIA TITAN Xp Collector’s Edition GPU. #EATitanJediSweepstakes #StarWarsBa…,"RT @EAStarWars: RT for a chance to win a Star Wars Galactic Empire @NVIDIA TITAN Xp Collector’s Edition GPU. 
#EATitanEmpireSweepstakes #St…",RT @EAStarWars: RT for a chance to win a Star Wars Jedi Order @NVIDIA TITAN Xp Collector’s Edition GPU. #EATitanJediSweepstakes #StarWarsBa…,"RT @EAStarWars: RT for a chance to win a Star Wars Galactic Empire @NVIDIA TITAN Xp Collector’s Edition GPU. 
#EATitanEmpireSweepstakes #St…",RT @EAStarWars: RT for a chance to win a Star Wars Jedi Order @NVIDIA TITAN Xp Collector’s Edition GPU. #EATitanJediSweepstakes #StarWarsBa…,"RT @surface: The best graphics performance ever with @nvidia GeForce GPUs, in the new #SurfaceBook2. #GameOn https://t.co/2XtTs1bqPY","RT @EAStarWars: RT for a chance to win a Star Wars Galactic Empire @NVIDIA TITAN Xp Collector’s Edition GPU. 
#EATitanEmpireSweepstakes #St…","RT @EAStarWars: RT for a chance to win a Star Wars Galactic Empire @NVIDIA TITAN Xp Collector’s Edition GPU. 
#EATitanEmpireSweepstakes #St…","RT @EAStarWars: RT for a chance to win a Star Wars Galactic Empire @NVIDIA TITAN Xp Collector’s Edition GPU. 
#EATitanEmpireSweepstakes #St…","RT @EAStarWars: RT for a chance to win a Star Wars Galactic Empire @NVIDIA TITAN Xp Collector’s Edition GPU. 
#EATitanEmpireSweepstakes #St…","RT @EAStarWars: RT for a chance to win a Star Wars Galactic Empire @NVIDIA TITAN Xp Collector’s Edition GPU. 
#EATitanEmpireSweepstakes #St…",RT @EAStarWars: RT for a chance to win a Star Wars Jedi Order @NVIDIA TITAN Xp Collector’s Edition GPU. #EATitanJediSweepstakes #StarWarsBa…,"RT @surface: The best graphics performance ever with @nvidia GeForce GPUs, in the new #SurfaceBook2. #GameOn https://t.co/2XtTs1bqPY",RT @EAStarWars: RT for a chance to win a Star Wars Jedi Order @NVIDIA TITAN Xp Collector’s Edition GPU. #EATitanJediSweepstakes #StarWarsBa…,"RT @EAStarWars: RT for a chance to win a Star Wars Galactic Empire @NVIDIA TITAN Xp Collector’s Edition GPU. 
#EATitanEmpireSweepstakes #St…","RT @EAStarWars: RT for a chance to win a Star Wars Galactic Empire @NVIDIA TITAN Xp Collector’s Edition GPU. 
#EATitanEmpireSweepstakes #St…",RT @EAStarWars: RT for a chance to win a Star Wars Jedi Order @NVIDIA TITAN Xp Collector’s Edition GPU. #EATitanJediSweepstakes #StarWarsBa…,"RT @EAStarWars: RT for a chance to win a Star Wars Galactic Empire @NVIDIA TITAN Xp Collector’s Edition GPU. 
#EATitanEmpireSweepstakes #St…","RT @surface: The best graphics performance ever with @nvidia GeForce GPUs, in the new #SurfaceBook2. #GameOn https://t.co/2XtTs1bqPY","RT @EAStarWars: RT for a chance to win a Star Wars Galactic Empire @NVIDIA TITAN Xp Collector’s Edition GPU. 
#EATitanEmpireSweepstakes #St…",RT @EAStarWars: RT for a chance to win a Star Wars Jedi Order @NVIDIA TITAN Xp Collector’s Edition GPU. #EATitanJediSweepstakes #StarWarsBa…,RT @EAStarWars: RT for a chance to win a Star Wars Jedi Order @NVIDIA TITAN Xp Collector’s Edition GPU. #EATitanJediSweepstakes #StarWarsBa…,"RT @EAStarWars: RT for a chance to win a Star Wars Galactic Empire @NVIDIA TITAN Xp Collector’s Edition GPU. 
#EATitanEmpireSweepstakes #St…",RT @EAStarWars: RT for a chance to win a Star Wars Jedi Order @NVIDIA TITAN Xp Collector’s Edition GPU. #EATitanJediSweepstakes #StarWarsBa…,RT @EAStarWars: RT for a chance to win a Star Wars Jedi Order @NVIDIA TITAN Xp Collector’s Edition GPU. #EATitanJediSweepstakes #StarWarsBa…,RT @EAStarWars: RT for a chance to win a Star Wars Jedi Order @NVIDIA TITAN Xp Collector’s Edition GPU. #EATitanJediSweepstakes #StarWarsBa…,RT @EAStarWars: RT for a chance to win a Star Wars Jedi Order @NVIDIA TITAN Xp Collector’s Edition GPU. #EATitanJediSweepstakes #StarWarsBa…,"RT @surface: The best graphics performance ever with @nvidia GeForce GPUs, in the new #SurfaceBook2. #GameOn https://t.co/2XtTs1bqPY","RT @EAStarWars: RT for a chance to win a Star Wars Galactic Empire @NVIDIA TITAN Xp Collector’s Edition GPU. 
#EATitanEmpireSweepstakes #St…",@surface @nvidia Can't wait till I get mine in January :-),RT @EAStarWars: RT for a chance to win a Star Wars Jedi Order @NVIDIA TITAN Xp Collector’s Edition GPU. #EATitanJediSweepstakes #StarWarsBa…,"RT @surface: The best graphics performance ever with @nvidia GeForce GPUs, in the new #SurfaceBook2. #GameOn https://t.co/2XtTs1bqPY","RT @EAStarWars: RT for a chance to win a Star Wars Galactic Empire @NVIDIA TITAN Xp Collector’s Edition GPU. 
#EATitanEmpireSweepstakes #St…",RT @EAStarWars: RT for a chance to win a Star Wars Jedi Order @NVIDIA TITAN Xp Collector’s Edition GPU. #EATitanJediSweepstakes #StarWarsBa…,RT @EAStarWars: RT for a chance to win a Star Wars Jedi Order @NVIDIA TITAN Xp Collector’s Edition GPU. #EATitanJediSweepstakes #StarWarsBa…,RT @EAStarWars: RT for a chance to win a Star Wars Jedi Order @NVIDIA TITAN Xp Collector’s Edition GPU. #EATitanJediSweepstakes #StarWarsBa…,"RT @EAStarWars: RT for a chance to win a Star Wars Galactic Empire @NVIDIA TITAN Xp Collector’s Edition GPU. 
#EATitanEmpireSweepstakes #St…","RT @EAStarWars: RT for a chance to win a Star Wars Galactic Empire @NVIDIA TITAN Xp Collector’s Edition GPU. 
#EATitanEmpireSweepstakes #St…","RT @EAStarWars: RT for a chance to win a Star Wars Galactic Empire @NVIDIA TITAN Xp Collector’s Edition GPU. 
#EATitanEmpireSweepstakes #St…","RT @EAStarWars: RT for a chance to win a Star Wars Galactic Empire @NVIDIA TITAN Xp Collector’s Edition GPU. 
#EATitanEmpireSweepstakes #St…",RT @EAStarWars: RT for a chance to win a Star Wars Jedi Order @NVIDIA TITAN Xp Collector’s Edition GPU. #EATitanJediSweepstakes #StarWarsBa…,RT @EAStarWars: RT for a chance to win a Star Wars Jedi Order @NVIDIA TITAN Xp Collector’s Edition GPU. #EATitanJediSweepstakes #StarWarsBa…,RT @EAStarWars: RT for a chance to win a Star Wars Jedi Order @NVIDIA TITAN Xp Collector’s Edition GPU. #EATitanJediSweepstakes #StarWarsBa…,RT @EAStarWars: RT for a chance to win a Star Wars Jedi Order @NVIDIA TITAN Xp Collector’s Edition GPU. #EATitanJediSweepstakes #StarWarsBa…,"RT @surface: The best graphics performance ever with @nvidia GeForce GPUs, in the new #SurfaceBook2. #GameOn https://t.co/2XtTs1bqPY",@nvidia when can i get the latest driver of cuda for mac book pro? 🤓,"RT @EAStarWars: RT for a chance to win a Star Wars Galactic Empire @NVIDIA TITAN Xp Collector’s Edition GPU. 
#EATitanEmpireSweepstakes #St…",RT @EAStarWars: RT for a chance to win a Star Wars Jedi Order @NVIDIA TITAN Xp Collector’s Edition GPU. #EATitanJediSweepstakes #StarWarsBa…,"RT @EAStarWars: RT for a chance to win a Star Wars Galactic Empire @NVIDIA TITAN Xp Collector’s Edition GPU. 
#EATitanEmpireSweepstakes #St…",RT @EAStarWars: RT for a chance to win a Star Wars Jedi Order @NVIDIA TITAN Xp Collector’s Edition GPU. #EATitanJediSweepstakes #StarWarsBa…,"RT @EAStarWars: RT for a chance to win a Star Wars Galactic Empire @NVIDIA TITAN Xp Collector’s Edition GPU. 
#EATitanEmpireSweepstakes #St…","RT @EAStarWars: RT for a chance to win a Star Wars Galactic Empire @NVIDIA TITAN Xp Collector’s Edition GPU. 
#EATitanEmpireSweepstakes #St…","RT @EAStarWars: RT for a chance to win a Star Wars Galactic Empire @NVIDIA TITAN Xp Collector’s Edition GPU. 
#EATitanEmpireSweepstakes #St…",RT @EAStarWars: RT for a chance to win a Star Wars Jedi Order @NVIDIA TITAN Xp Collector’s Edition GPU. #EATitanJediSweepstakes #StarWarsBa…,RT @EAStarWars: RT for a chance to win a Star Wars Jedi Order @NVIDIA TITAN Xp Collector’s Edition GPU. #EATitanJediSweepstakes #StarWarsBa…,"RT @EAStarWars: RT for a chance to win a Star Wars Galactic Empire @NVIDIA TITAN Xp Collector’s Edition GPU. 
#EATitanEmpireSweepstakes #St…",RT @EAStarWars: RT for a chance to win a Star Wars Jedi Order @NVIDIA TITAN Xp Collector’s Edition GPU. #EATitanJediSweepstakes #StarWarsBa…,"RT @EAStarWars: RT for a chance to win a Star Wars Galactic Empire @NVIDIA TITAN Xp Collector’s Edition GPU. 
#EATitanEmpireSweepstakes #St…","RT @EAStarWars: RT for a chance to win a Star Wars Galactic Empire @NVIDIA TITAN Xp Collector’s Edition GPU. 
#EATitanEmpireSweepstakes #St…",RT @EAStarWars: RT for a chance to win a Star Wars Jedi Order @NVIDIA TITAN Xp Collector’s Edition GPU. #EATitanJediSweepstakes #StarWarsBa…,"RT @EAStarWars: RT for a chance to win a Star Wars Galactic Empire @NVIDIA TITAN Xp Collector’s Edition GPU. 
#EATitanEmpireSweepstakes #St…","RT @EAStarWars: RT for a chance to win a Star Wars Galactic Empire @NVIDIA TITAN Xp Collector’s Edition GPU. 
#EATitanEmpireSweepstakes #St…",RT @EAStarWars: RT for a chance to win a Star Wars Jedi Order @NVIDIA TITAN Xp Collector’s Edition GPU. #EATitanJediSweepstakes #StarWarsBa…,"RT @EAStarWars: RT for a chance to win a Star Wars Galactic Empire @NVIDIA TITAN Xp Collector’s Edition GPU. 
#EATitanEmpireSweepstakes #St…","RT @surface: The best graphics performance ever with @nvidia GeForce GPUs, in the new #SurfaceBook2. #GameOn https://t.co/2XtTs1bqPY","RT @EAStarWars: RT for a chance to win a Star Wars Galactic Empire @NVIDIA TITAN Xp Collector’s Edition GPU. 
#EATitanEmpireSweepstakes #St…","RT @EAStarWars: RT for a chance to win a Star Wars Galactic Empire @NVIDIA TITAN Xp Collector’s Edition GPU. 
#EATitanEmpireSweepstakes #St…","RT @EAStarWars: RT for a chance to win a Star Wars Galactic Empire @NVIDIA TITAN Xp Collector’s Edition GPU. 
#EATitanEmpireSweepstakes #St…",RT @EAStarWars: RT for a chance to win a Star Wars Jedi Order @NVIDIA TITAN Xp Collector’s Edition GPU. #EATitanJediSweepstakes #StarWarsBa…,"RT @surface: The best graphics performance ever with @nvidia GeForce GPUs, in the new #SurfaceBook2. #GameOn https://t.co/2XtTs1bqPY","RT @EAStarWars: RT for a chance to win a Star Wars Galactic Empire @NVIDIA TITAN Xp Collector’s Edition GPU. 
#EATitanEmpireSweepstakes #St…","RT @EAStarWars: RT for a chance to win a Star Wars Galactic Empire @NVIDIA TITAN Xp Collector’s Edition GPU. 
#EATitanEmpireSweepstakes #St…","RT @eonlinesweeps: RT @EAStarWars: RT for a chance to win a Star Wars Galactic Empire @NVIDIA TITAN Xp Collector’s Edition GPU. 
#EATitanEm…","RT @eonlinesweeps: RT @EAStarWars: RT for a chance to win a Star Wars Galactic Empire @NVIDIA TITAN Xp Collector’s Edition GPU. 
#EATitanEm…","RT @EAStarWars: RT for a chance to win a Star Wars Galactic Empire @NVIDIA TITAN Xp Collector’s Edition GPU. 
#EATitanEmpireSweepstakes #St…",RT @EAStarWars: RT for a chance to win a Star Wars Jedi Order @NVIDIA TITAN Xp Collector’s Edition GPU. #EATitanJediSweepstakes #StarWarsBa…,"RT @EAStarWars: RT for a chance to win a Star Wars Galactic Empire @NVIDIA TITAN Xp Collector’s Edition GPU. 
#EATitanEmpireSweepstakes #St…","RT @eonlinesweeps: RT @EAStarWars: RT for a chance to win a Star Wars Galactic Empire @NVIDIA TITAN Xp Collector’s Edition GPU. 
#EATitanEm…","RT @EAStarWars: RT for a chance to win a Star Wars Galactic Empire @NVIDIA TITAN Xp Collector’s Edition GPU. 
#EATitanEmpireSweepstakes #St…","RT @EAStarWars: RT for a chance to win a Star Wars Galactic Empire @NVIDIA TITAN Xp Collector’s Edition GPU. 
#EATitanEmpireSweepstakes #St…","RT @EAStarWars: RT for a chance to win a Star Wars Galactic Empire @NVIDIA TITAN Xp Collector’s Edition GPU. 
#EATitanEmpireSweepstakes #St…",RT @EAStarWars: RT for a chance to win a Star Wars Galactic Empire @NVIDIA TITAN Xp Collector’s Edition GPU.… https://t.co/dZlntL9l0X,"RT @EAStarWars: RT for a chance to win a Star Wars Galactic Empire @NVIDIA TITAN Xp Collector’s Edition GPU. 
#EATitanEmpireSweepstakes #St…","RT @EAStarWars: RT for a chance to win a Star Wars Galactic Empire @NVIDIA TITAN Xp Collector’s Edition GPU. 
#EATitanEmpireSweepstakes #St…","RT @EAStarWars: RT for a chance to win a Star Wars Galactic Empire @NVIDIA TITAN Xp Collector’s Edition GPU. 
#EATitanEmpireSweepstakes #St…","RT @EAStarWars: RT for a chance to win a Star Wars Galactic Empire @NVIDIA TITAN Xp Collector’s Edition GPU. 
#EATitanEmpireSweepstakes #St…","RT @EAStarWars: RT for a chance to win a Star Wars Galactic Empire @NVIDIA TITAN Xp Collector’s Edition GPU. 
#EATitanEmpireSweepstakes #St…","RT @EAStarWars: RT for a chance to win a Star Wars Galactic Empire @NVIDIA TITAN Xp Collector’s Edition GPU. 
#EATitanEmpireSweepstakes #St…","RT @EAStarWars: RT for a chance to win a Star Wars Galactic Empire @NVIDIA TITAN Xp Collector’s Edition GPU. 
#EATitanEmpireSweepstakes #St…","RT @surface: The best graphics performance ever with @nvidia GeForce GPUs, in the new #SurfaceBook2. #GameOn https://t.co/2XtTs1bqPY",RT @EAStarWars: RT for a chance to win a Star Wars Jedi Order @NVIDIA TITAN Xp Collector’s Edition GPU. #EATitanJediSweepstakes #StarWarsBa…,"RT @EAStarWars: RT for a chance to win a Star Wars Galactic Empire @NVIDIA TITAN Xp Collector’s Edition GPU. 
#EATitanEmpireSweepstakes #St…","RT @surface: The best graphics performance ever with @nvidia GeForce GPUs, in the new #SurfaceBook2. #GameOn https://t.co/2XtTs1bqPY","RT @EAStarWars: RT for a chance to win a Star Wars Galactic Empire @NVIDIA TITAN Xp Collector’s Edition GPU. 
#EATitanEmpireSweepstakes #St…"
